2 0.411337 0.619549 0.0123525 0.0396864 0.250861
2 0.303321 0.691573 0.0872907 0.136698 0.268501
2 0.384024 0.604606 0.0247049 0.0744733 0.278997
2 0.392534 0.577658 0.0236069 0.0382166 0.286885
0 0.119407 0.846399 0.237167 0.117099 0.304327
2 0.0382926 0.825331 0.0743892 0.0641842 0.309518
2 0.412435 0.737629 0.0227834 0.159236 0.310351
2 0.0174307 0.920382 0.0348614 0.0955414 0.329731
2 0.317458 0.601911 0.0343124 0.0367467 0.340189
2 0.413396 0.686428 0.0192149 0.0979912 0.376998
2 0.410788 0.779765 0.0205874 0.0632043 0.3918
2 0.288224 0.71705 0.0570958 0.0837825 0.437237
2 0.371946 0.683978 0.0269009 0.0813327 0.5712
2 0.218638 0.850074 0.0754872 0.136208 0.665255
2 0.46006 0.791279 0.0488608 0.33415 0.695426
2 0.435081 0.960804 0.0241559 0.0783929 0.776866
2 0.35877 0.897844 0.0521548 0.201372 0.784028
