2 0.139583 0.829985 0.0310184 0.0391965 0.278257
2 0.263107 0.630083 0.0414494 0.0578148 0.340941
2 0.181444 0.720235 0.150425 0.200882 0.35307
2 0.125309 0.71901 0.125446 0.11024 0.353879
2 0.391847 0.6634 0.0178424 0.099951 0.390112
2 0.420533 0.821411 0.0362339 0.351298 0.410735
2 0.373319 0.848604 0.0274499 0.302793 0.454827
2 0.573429 0.930181 0.0345869 0.131798 0.480795
2 0.314439 0.671485 0.0897612 0.157276 0.634281
2 0.469119 0.753797 0.0647818 0.135718 0.642014
2 0.290283 0.804018 0.135877 0.386085 0.820611
