2 0.385534 0.660951 0.0936042 0.10681 0.25717
2 0.344496 0.711171 0.0230579 0.0494855 0.259293
0 0.237991 0.793239 0.329399 0.0911318 0.303971
2 0.314027 0.683244 0.0307439 0.0563449 0.312908
2 0.516058 0.907398 0.0378809 0.129348 0.314951
2 0.333105 0.649926 0.0678013 0.105341 0.341822
2 0.0477628 0.83513 0.0955257 0.134738 0.364879
2 0.334614 0.962518 0.0252539 0.0749633 0.365922
2 0.144249 0.739098 0.0430963 0.0416463 0.426342
2 0.0635465 0.958844 0.0315674 0.0725135 0.501926
2 0.441257 0.940225 0.0277244 0.0862322 0.532672
2 0.49204 0.82876 0.0941532 0.280745 0.619606
2 0.367417 0.851543 0.0387044 0.293974 0.673228
2 0.15619 0.870652 0.0620368 0.0754532 0.708881
2 0.160033 0.953454 0.0559978 0.0911318 0.720233
