2 0.264617 0.809652 0.108153 0.145517 0.272133
2 0.465825 0.857423 0.013725 0.0538951 0.292604
2 0.617897 0.88878 0.105408 0.209701 0.295587
2 0.501921 0.665115 0.0524293 0.0935816 0.325117
2 0.486001 0.974032 0.0167444 0.0480157 0.340764
2 0.546939 0.812837 0.0337634 0.128368 0.345218
2 0.0341751 0.790789 0.0650563 0.0587947 0.407811
2 0.377848 0.72342 0.0200384 0.0759432 0.483283
2 0.103349 0.827291 0.206698 0.172954 0.528693
2 0.516607 0.941695 0.0285479 0.11073 0.548411
2 0.362613 0.665605 0.0258029 0.0465458 0.636034
2 0.239775 0.864282 0.151249 0.240078 0.638891
3 0.429866 0.799363 0.139446 0.387555 0.67938
2 0.111035 0.919892 0.0639583 0.0808427 0.741416
