2 0.287671 0.619374 0.0827397 0.0430528 0.255573
2 0.111781 0.799413 0.223562 0.273973 0.272752
2 0.38274 0.88454 0.0235616 0.23092 0.274616
2 0.370959 0.636008 0.0284932 0.037182 0.306322
2 0.446438 0.730431 0.0265753 0.16047 0.310515
2 0.407945 0.664139 0.0175342 0.0513699 0.324349
2 0.218219 0.667808 0.0654794 0.0587084 0.329518
2 0.366438 0.671477 0.0419178 0.0435421 0.33199
2 0.193151 0.695695 0.112877 0.0968689 0.35296
2 0.589589 0.919276 0.0690411 0.151663 0.380416
2 0.414521 0.589775 0.0142466 0.0503914 0.388484
2 0.0338356 0.774951 0.0676712 0.0645793 0.482183
2 0.430548 0.90362 0.0254795 0.176125 0.572716
2 0.486986 0.928571 0.0265753 0.138943 0.639324
2 0.389315 0.831458 0.0350685 0.335127 0.700128
2 0.299452 0.833415 0.0887671 0.32045 0.83933
