2 0.290283 0.687408 0.0524293 0.0950514 0.252175
2 0.267911 0.712151 0.101565 0.137678 0.308207
2 0.35232 0.582068 0.0277244 0.0499755 0.319234
2 0.420258 0.769966 0.0389789 0.0837825 0.371074
0 0.559155 0.936551 0.101016 0.0465458 0.408677
2 0.37126 0.61318 0.0315674 0.105341 0.429318
2 0.427121 0.656541 0.0439198 0.195982 0.469402
0 0.153719 0.790054 0.0867417 0.0504655 0.493246
0 0.0909964 0.926997 0.138622 0.0597746 0.514431
2 0.0651935 0.83856 0.10129 0.141597 0.632489
2 0.490255 0.890495 0.0669778 0.211171 0.6354
2 0.405298 0.840519 0.0145484 0.0720235 0.663689
2 0.296596 0.912788 0.0288224 0.158746 0.667683
2 0.439747 0.934836 0.0203129 0.11367 0.688966
2 0.35479 0.783195 0.0562723 0.168055 0.724764
