2 0.43 0.854697 0.0221918 0.113503 0.250515
3 0.399589 0.653131 0.0369863 0.144814 0.276581
0 0.534521 0.943493 0.163288 0.0591977 0.290422
2 0.362329 0.844178 0.0123288 0.0327789 0.297213
0 0.456438 0.734344 0.0931507 0.0303327 0.325094
2 0.313836 0.973826 0.0128767 0.047456 0.333452
1 0.428219 0.808953 0.0180822 0.0366928 0.352438
2 0.491233 0.864726 0.0235616 0.113014 0.415112
2 0.391096 0.779843 0.0221918 0.0733855 0.450222
0 0.314247 0.920988 0.152877 0.113992 0.556686
2 0.214795 0.722358 0.103562 0.125734 0.675089
