2 0.422877 0.656556 0.0090411 0.0293542 0.279865
2 0.257945 0.700098 0.0791781 0.116438 0.339958
2 0.443699 0.944472 0.0276712 0.107143 0.342892
2 0.398904 0.866194 0.0186301 0.0543053 0.368991
2 0.325616 0.607632 0.0260274 0.0401174 0.375906
2 0.203014 0.788405 0.145205 0.238258 0.381617
2 0.409863 0.615215 0.0164384 0.0425636 0.437898
2 0.40274 0.686644 0.0180822 0.0856164 0.478891
2 0.426301 0.922211 0.060274 0.150685 0.499327
2 0.171781 0.844667 0.0838356 0.125734 0.536637
2 0.0842466 0.967466 0.0583562 0.0591977 0.558402
2 0.433836 0.771282 0.0271233 0.0924658 0.626595
2 0.367534 0.791341 0.0167123 0.144325 0.641061
