2 0.364658 0.67001 0.0120548 0.0259295 0.268684
2 0.344795 0.591732 0.0183562 0.0298434 0.281083
2 0.354521 0.640656 0.0394521 0.0523483 0.288715
2 0.186986 0.673924 0.0780822 0.0621331 0.315314
3 0.397945 0.578767 0.0276712 0.0655577 0.367505
2 0.288904 0.640656 0.040274 0.0621331 0.412542
2 0.227671 0.684932 0.0279452 0.0450098 0.421745
2 0.0684932 0.757094 0.13589 0.113992 0.492677
2 0.195068 0.776663 0.0947945 0.12182 0.544152
2 0.050411 0.958659 0.0465753 0.0670254 0.56234
2 0.089863 0.845646 0.12274 0.130626 0.624679
2 0.306849 0.760274 0.0471233 0.144814 0.749866
2 0.239452 0.919765 0.0421918 0.148728 0.802613
