2 0.441532 0.770456 0.0167444 0.0651641 0.265484
2 0.356574 0.594316 0.0170189 0.0293974 0.267051
2 0.265029 0.659971 0.116113 0.11465 0.277182
2 0.465276 0.713621 0.0296459 0.0769231 0.404917
2 0.113094 0.898579 0.0252539 0.0401764 0.479811
2 0.0986824 0.968398 0.0337634 0.0524253 0.50094
2 0.419435 0.655316 0.0290969 0.105341 0.520344
2 0.19064 0.749633 0.216031 0.241058 0.562436
2 0.344908 0.674669 0.0623113 0.118569 0.601789
2 0.213972 0.881431 0.132583 0.22734 0.637218
2 0.0360966 0.917442 0.0716442 0.137678 0.687465
2 0.3493 0.862077 0.111172 0.273885 0.708829
2 0.471589 0.881186 0.0247049 0.232729 0.738939
