2 0.345068 0.969667 0.0139726 0.0469667 0.264581
2 0.510685 0.860568 0.0493151 0.264188 0.264866
0 0.384247 0.829256 0.132329 0.0332681 0.272159
2 0.408219 0.745842 0.0443836 0.0582192 0.291357
2 0.395479 0.742906 0.0150685 0.0503914 0.321772
2 0.467534 0.687378 0.0090411 0.0410959 0.35271
2 0.431644 0.660225 0.0183562 0.106164 0.355802
0 0.418493 0.756605 0.0610959 0.0406067 0.362459
2 0.481644 0.663405 0.0246575 0.0802348 0.384493
2 0.498356 0.766879 0.0241096 0.101272 0.385905
2 0.436027 0.627935 0.0227397 0.141389 0.402005
2 0.524521 0.954746 0.0249315 0.0787671 0.438712
2 0.209178 0.802838 0.113151 0.149706 0.495881
2 0.455753 0.832926 0.0216438 0.185421 0.637312
