2 0.356986 0.606654 0.0257534 0.035225 0.253147
2 0.450959 0.600783 0.0131507 0.0675147 0.341435
2 0.0875342 0.944716 0.0736986 0.100783 0.397635
2 0.40411 0.638943 0.0284932 0.101761 0.426408
2 0.156438 0.857877 0.119452 0.184442 0.472426
2 0.449178 0.955724 0.0616438 0.0601761 0.550311
2 0.243151 0.778865 0.0238356 0.0381605 0.57147
2 0.395068 0.854452 0.0279452 0.174658 0.581518
2 0.44274 0.698875 0.0208219 0.0797456 0.602896
2 0.281918 0.680284 0.105753 0.132583 0.647803
2 0.126575 0.699609 0.0564384 0.0469667 0.64973
