2 0.0612133 0.758452 0.119133 0.10877 0.25373
2 0.284793 0.603871 0.0337634 0.0524253 0.253862
3 0.386495 0.679814 0.0329399 0.099461 0.262515
2 0.262284 0.6634 0.0727422 0.0921117 0.266165
2 0.522783 0.881676 0.0288224 0.0896619 0.297815
2 0.380456 0.685938 0.0214109 0.0901519 0.324792
2 0.32185 0.791279 0.0107055 0.0411563 0.372106
2 0.233187 0.873101 0.135877 0.253797 0.382275
2 0.360554 0.758697 0.0354104 0.0494855 0.397189
2 0.427532 0.965458 0.0139995 0.0681039 0.40839
2 0.283832 0.77854 0.0532528 0.118569 0.454615
2 0.15221 0.821901 0.0293714 0.0641842 0.459581
2 0.570821 0.928956 0.0414494 0.130328 0.505068
2 0.377573 0.914993 0.0238814 0.170015 0.574973
2 0.20711 0.908133 0.0688993 0.174914 0.649797
2 0.142053 0.912298 0.0595663 0.104851 0.662427
