2 0.473014 0.72407 0.0232877 0.0714286 0.252503
2 0.245205 0.665117 0.0558904 0.0836595 0.277364
2 0.268904 0.88454 0.0512329 0.212329 0.279661
2 0.459041 0.708415 0.0506849 0.101761 0.281261
2 0.369452 0.674413 0.010137 0.0464775 0.291443
2 0.440137 0.676614 0.0473973 0.0851272 0.291842
2 0.343014 0.623777 0.0306849 0.0880626 0.318838
2 0.259589 0.954012 0.0364384 0.0782779 0.334364
2 0.430959 0.656067 0.0263014 0.0440313 0.375937
2 0.412329 0.824853 0.0208219 0.092955 0.397373
2 0.261644 0.622798 0.0542466 0.0616438 0.429288
2 0.325479 0.621086 0.0515069 0.0895303 0.431241
2 0.08 0.732877 0.158356 0.120352 0.435472
2 0.0160274 0.82681 0.0320548 0.037182 0.472238
2 0.477808 0.7341 0.0158904 0.0513699 0.497643
2 0.359726 0.865215 0.0219178 0.248043 0.50143
2 0.421781 0.957436 0.0243836 0.0851272 0.596183
2 0.291096 0.813112 0.0956164 0.358121 0.599405
2 0.418493 0.921233 0.029863 0.15362 0.650718
2 0.499589 0.855431 0.0753425 0.175636 0.726947
