2 0.0293714 0.869917 0.0587428 0.163155 0.258335
2 0.366593 0.598481 0.0299204 0.066144 0.346552
2 0.307027 0.602646 0.0266264 0.0274375 0.356601
2 0.248147 0.640372 0.0796047 0.0744733 0.435457
2 0.132171 0.927242 0.100192 0.134738 0.447501
2 0.0329399 0.824596 0.0620368 0.0705537 0.465704
2 0.166346 0.734689 0.0581938 0.0592847 0.494144
2 0.249657 0.742283 0.0990942 0.160706 0.537229
2 0.39171 0.774375 0.0219599 0.0739833 0.607198
2 0.389926 0.951004 0.0167444 0.089172 0.618435
2 0.342712 0.724645 0.0403514 0.147967 0.653324
2 0.2535 0.960559 0.0452923 0.0759432 0.826445
