2 0.319863 0.649951 0.0309589 0.0503914 0.357241
2 0.393836 0.919031 0.0227397 0.144325 0.387795
2 0.398082 0.617417 0.020274 0.0831703 0.436603
2 0.258082 0.727984 0.0230137 0.0440313 0.442197
2 0.104658 0.707926 0.14411 0.120352 0.458981
2 0.440137 0.676614 0.0194521 0.0694716 0.473928
2 0.423425 0.59589 0.0189041 0.0596869 0.47506
0 0.552603 0.966732 0.113425 0.0450098 0.507756
2 0.460411 0.847113 0.0654794 0.28816 0.512639
2 0.393562 0.826076 0.0243836 0.331213 0.518895
2 0.137534 0.936644 0.0652055 0.103229 0.692579
