Norway_008161.jpg,1 1580 1445 1707 2032 1 1570 1457 1634 1611 1 1555 1169 1591 1224 1 1624 1613 1703 2030
Norway_008162.jpg,
Norway_008163.jpg,3 1307 1247 1405 1398 1 1567 1731 1734 2022 1 1107 1323 1149 1405 1 1263 1608 1313 1685 1 1305 1251 1400 1395
Norway_008164.jpg,1 1323 1388 1444 1660 1 1324 1392 1374 1508 1 1541 1354 2059 1922
Norway_008165.jpg,
Norway_008166.jpg,
Norway_008167.jpg,
Norway_008168.jpg,
Norway_008169.jpg,1 486 1962 551 2036 1 927 1629 987 1719 1 356 1289 1150 2016
Norway_008170.jpg,
Norway_008171.jpg,
Norway_008172.jpg,1 1369 1228 1424 1340
Norway_008173.jpg,3 1326 1216 1651 1627 1 1381 1599 1578 2016
Norway_008174.jpg,2 546 1410 1409 1522
Norway_008175.jpg,
Norway_008176.jpg,
Norway_008177.jpg,
Norway_008178.jpg,
Norway_008179.jpg,1 0 1658 197 2009 1 1644 1311 1697 1398
Norway_008180.jpg,
Norway_008181.jpg,
Norway_008182.jpg,
Norway_008183.jpg,
Norway_008184.jpg,
Norway_008185.jpg,
Norway_008186.jpg,
Norway_008187.jpg,1 1389 1068 1424 1137
Norway_008188.jpg,1 1533 1186 1572 1259
Norway_008189.jpg,1 1502 1205 1543 1287
Norway_008190.jpg,
Norway_008191.jpg,
Norway_008192.jpg,1 4 1319 680 1692 1 251 1323 674 1540
Norway_008193.jpg,1 2262 1923 2294 1983 1 2002 1581 2194 1798 1 2248 1844 2300 1985
Norway_008194.jpg,1 1487 1214 1534 1280 1 383 1270 918 1521
Norway_008195.jpg,1 318 1852 356 1911 1 19 1889 57 1919 1 393 1679 558 1818 3 433 1444 1328 2044 1 98 1870 203 1943
Norway_008196.jpg,1 1133 1120 1195 1230 1 320 1622 777 2032 1 225 1248 1012 1666 1 0 1605 151 1939
Norway_008197.jpg,
Norway_008198.jpg,
Norway_008199.jpg,
Norway_008200.jpg,
Norway_008201.jpg,
Norway_008202.jpg,1 676 1555 758 1737 1 206 1529 787 1999
Norway_008203.jpg,
Norway_008204.jpg,
Norway_008205.jpg,
Norway_008206.jpg,1 1136 1180 1217 1417
Norway_008207.jpg,
Norway_008208.jpg,
Norway_008209.jpg,
Norway_008210.jpg,
Norway_008211.jpg,
Norway_008212.jpg,1 995 1246 1168 1406 1 1674 1469 1764 1551 1 268 1808 540 2037
Norway_008213.jpg,
Norway_008214.jpg,
Norway_008215.jpg,
Norway_008216.jpg,
Norway_008217.jpg,1 820 1375 1067 1951 1 763 1906 812 2021 1 963 1384 1062 1641 1 761 1762 1000 1938 1 274 1347 826 2010
Norway_008218.jpg,1 1902 1777 2032 1950 1 1907 1685 2020 1785 3 1665 1350 2021 2018 1 2044 1700 2167 1899 1 2068 1874 2179 2039
Norway_008219.jpg,
Norway_008220.jpg,2 919 1621 2100 1725 2 8 1691 1044 1778
Norway_008221.jpg,1 716 1880 824 1990 1 753 1315 857 1364 4 1263 1350 1356 1410 1 103 1513 329 1647 1 725 1924 859 2034
Norway_008222.jpg,1 1906 1741 2001 1875 1 536 1465 582 1525 1 1582 1296 1659 1358 1 1804 1481 2003 1806 1 152 1469 569 1671
Norway_008223.jpg,
Norway_008224.jpg,
Norway_008225.jpg,1 6 1408 720 1855
Norway_008226.jpg,
Norway_008227.jpg,
Norway_008228.jpg,
Norway_008229.jpg,1 1956 1291 2063 1412
Norway_008230.jpg,
Norway_008231.jpg,1 338 1465 618 1649 1 1299 1316 1353 1391 1 658 1229 1125 1464 1 1652 1433 1821 1712 1 1634 1105 1692 1283
Norway_008232.jpg,1 1869 1534 1925 1707 1 1202 1161 1238 1222 1 853 1242 1030 1339 1 253 1486 536 1640
Norway_008233.jpg,
Norway_008234.jpg,
Norway_008235.jpg,
Norway_008236.jpg,1 726 1269 1025 1451 2 1235 1186 1422 1258 1 1233 1188 1412 1258 1 492 1261 893 1474 1 1485 1198 1555 1346
Norway_008237.jpg,
Norway_008238.jpg,
Norway_008239.jpg,1 2093 1746 2178 1869
Norway_008240.jpg,2 1973 1690 2531 1794
Norway_008241.jpg,
Norway_008242.jpg,1 423 1673 842 2031 1 687 1423 1065 1724 1 1132 1383 1422 1910 1 520 1465 1031 1837 2 1461 1319 1704 1368
Norway_008243.jpg,
Norway_008244.jpg,1 1353 1800 1467 2033 1 131 1646 560 2006 1 778 1456 972 1615
Norway_008245.jpg,
Norway_008246.jpg,
Norway_008247.jpg,1 1378 1173 1506 1515 1 1339 1411 1401 1506 1 1732 1368 1809 1481 1 1436 1175 1504 1390
Norway_008248.jpg,2 1717 1829 2111 2018 1 1536 1283 1861 1979 2 1845 1836 2121 1928
Norway_008249.jpg,1 1463 1085 1490 1127 1 1612 1436 1726 1560 1 1323 1228 1440 1350 1 1482 1259 1531 1307 1 1511 1347 1727 1559
Norway_008250.jpg,
Norway_008251.jpg,
Norway_008252.jpg,1 1243 1969 1328 2039 1 1092 1459 1216 1883
Norway_008253.jpg,
Norway_008254.jpg,
Norway_008255.jpg,
Norway_008256.jpg,
Norway_008257.jpg,
Norway_008258.jpg,
Norway_008259.jpg,1 1695 1220 2444 2032
Norway_008260.jpg,
Norway_008261.jpg,4 1367 1514 1463 1556
Norway_008262.jpg,
Norway_008263.jpg,
Norway_008264.jpg,1 737 1233 934 1326
Norway_008265.jpg,
Norway_008266.jpg,4 562 1307 634 1345
Norway_008267.jpg,
Norway_008268.jpg,
Norway_008269.jpg,
Norway_008270.jpg,1 990 1603 1081 1719
Norway_008271.jpg,1 1394 1231 1442 1282 1 395 1380 1050 1963 1 1397 1157 1479 1283 3 1420 1341 1585 1601 1 1462 1878 1538 2035
Norway_008272.jpg,
Norway_008273.jpg,
Norway_008274.jpg,1 1423 1211 1502 1500 1 492 1319 742 1453 1 1108 1830 1228 2035 1 853 1525 954 1633 1 1426 1187 1494 1276
Norway_008275.jpg,
Norway_008276.jpg,1 1029 1367 1062 1409 1 911 1314 968 1357
Norway_008277.jpg,
Norway_008278.jpg,
Norway_008279.jpg,
Norway_008280.jpg,
Norway_008281.jpg,1 412 1728 782 2034 2 94 1617 851 1742
Norway_008282.jpg,2 933 1579 1496 1636 4 1219 1906 1353 1991
Norway_008283.jpg,
Norway_008284.jpg,
Norway_008285.jpg,
Norway_008286.jpg,
Norway_008287.jpg,
Norway_008288.jpg,
Norway_008289.jpg,
Norway_008290.jpg,
Norway_008291.jpg,
Norway_008292.jpg,3 1435 1088 1538 1292 1 550 1408 676 1534 1 1442 1146 1543 1302 3 1438 1071 1511 1187
Norway_008293.jpg,1 944 1189 1062 1256 1 1452 1347 1519 1410 1 1129 1237 1158 1265 1 1187 1889 1260 1945 1 881 1525 964 1581
Norway_008294.jpg,
Norway_008295.jpg,
Norway_008296.jpg,1 1034 1158 1286 1276
Norway_008297.jpg,
Norway_008298.jpg,
Norway_008299.jpg,1 0 1244 969 1858 1 401 1130 1125 1538
Norway_008300.jpg,
Norway_008301.jpg,2 284 1606 1098 1709
Norway_008302.jpg,
Norway_008303.jpg,
Norway_008304.jpg,
Norway_008305.jpg,
Norway_008306.jpg,1 1049 1591 1187 1822 1 664 1747 710 1815 1 1844 1374 1906 1525 1 1736 1226 1830 1432 1 1776 1226 1826 1309
Norway_008307.jpg,
Norway_008308.jpg,1 1408 1470 1447 1586 2 1405 1585 1572 1617 1 1558 1317 1625 1475
Norway_008309.jpg,
Norway_008310.jpg,
Norway_008311.jpg,
Norway_008312.jpg,2 1124 1604 1489 1685 1 1547 1435 1579 1508 1 694 1514 858 1644 1 935 1881 1009 2037 1 904 1680 1005 2037
Norway_008313.jpg,1 1798 1616 1949 1900 1 745 1271 1057 1470 1 1114 1199 1398 1594
Norway_008314.jpg,1 348 1697 700 2021 1 574 1656 743 1800 1 1347 1068 1397 1126 1 474 1812 676 2018 1 1475 1511 1599 1872
Norway_008315.jpg,
Norway_008316.jpg,1 1479 1275 1526 1331 1 1242 1560 1459 1892 1 1356 1893 1448 2036
Norway_008317.jpg,
Norway_008318.jpg,
Norway_008319.jpg,
Norway_008320.jpg,4 979 1305 1025 1331
Norway_008321.jpg,1 1171 1171 1207 1221 1 1244 1223 1358 1366
Norway_008322.jpg,
Norway_008323.jpg,
Norway_008324.jpg,
Norway_008325.jpg,
Norway_008326.jpg,1 2029 1841 2064 1925 1 1489 1351 1530 1408 1 1832 1953 1886 2041 1 753 1261 1066 1357 1 1440 1398 1489 1519
Norway_008327.jpg,
Norway_008328.jpg,3 557 1565 977 1997 1 643 1097 1044 1299 1 573 1616 804 1976 1 40 1232 805 1539 1 1209 1173 1275 1232
Norway_008329.jpg,1 390 1326 691 1472
Norway_008330.jpg,
Norway_008331.jpg,
Norway_008332.jpg,
Norway_008333.jpg,
Norway_008334.jpg,1 1713 1625 2043 2017 1 9 1641 140 1745 1 596 1321 770 1486
Norway_008335.jpg,
Norway_008336.jpg,1 1416 1114 1492 1267 1 1462 1212 1503 1287 1 1433 1145 1512 1291 1 1256 1199 1348 1319
Norway_008337.jpg,
Norway_008338.jpg,
Norway_008339.jpg,1 242 1620 609 2020
Norway_008340.jpg,3 1416 1490 1845 2035
Norway_008341.jpg,
Norway_008342.jpg,1 513 1976 601 2037
Norway_008343.jpg,
Norway_008344.jpg,1 1482 1261 1515 1334 1 1337 1166 1367 1222 1 1517 1652 1649 2041
Norway_008345.jpg,
Norway_008346.jpg,1 1593 1349 2126 2017 1 289 1450 840 2029 1 1464 1215 1549 1296 1 974 1330 1032 1403 3 1004 1083 1148 1280
Norway_008347.jpg,1 1593 1528 1652 1616 1 1450 1117 1503 1223
Norway_008348.jpg,
Norway_008349.jpg,
Norway_008350.jpg,1 861 1191 1073 1283
Norway_008351.jpg,
Norway_008352.jpg,
Norway_008353.jpg,
Norway_008354.jpg,
Norway_008355.jpg,
Norway_008356.jpg,
Norway_008357.jpg,
Norway_008358.jpg,1 1250 1290 1538 2004 1 1461 1426 1553 1547 3 1230 1256 1583 2030
Norway_008359.jpg,
Norway_008360.jpg,1 724 1031 762 1062 1 1104 1147 1184 1218 1 1050 1263 1122 1327 1 905 1210 957 1356 2 300 1305 914 1366
Norway_008361.jpg,1 1833 1672 1913 1731 1 1697 1507 1745 1572 1 0 1614 327 1928
Norway_008362.jpg,
Norway_008363.jpg,
Norway_008364.jpg,
Norway_008365.jpg,
Norway_008366.jpg,1 1560 1422 1606 1516 1 1842 1761 2013 2019
Norway_008367.jpg,
Norway_008368.jpg,
Norway_008369.jpg,
Norway_008370.jpg,
Norway_008371.jpg,
Norway_008372.jpg,
Norway_008373.jpg,
Norway_008374.jpg,
Norway_008375.jpg,
Norway_008376.jpg,
Norway_008377.jpg,
Norway_008378.jpg,
Norway_008379.jpg,1 977 1152 1091 1340 1 1039 1349 1251 1781
Norway_008380.jpg,
Norway_008381.jpg,
Norway_008382.jpg,1 1411 1077 1544 1296 1 1452 1197 2056 2011
Norway_008383.jpg,1 595 1353 806 1476 1 840 1287 958 1368 1 584 1779 829 2028 1 1150 1099 1365 1210 1 1831 1824 1928 2038
Norway_008384.jpg,1 1559 1104 1587 1152 1 1311 1190 1354 1230 1 1198 1279 1246 1327 1 1202 1192 1349 1325 1 1569 1196 1673 1425
Norway_008385.jpg,
Norway_008386.jpg,
Norway_008387.jpg,1 1754 1538 1813 1628 1 1636 1271 1753 1531 1 1471 1207 1490 1238 1 1582 1286 1632 1402 1 1541 1200 1632 1407
Norway_008388.jpg,1 1273 1552 1424 1731 1 0 1365 577 1718 1 1156 1308 1423 1718 1 604 1683 809 1877 1 1069 1515 1178 1768
Norway_008389.jpg,1 1464 1224 2278 2028 1 3064 1973 3170 2030 3 2898 1771 3185 1949
Norway_008390.jpg,1 1556 1506 1641 1788 1 363 1685 743 2032
Norway_008391.jpg,
Norway_008392.jpg,
Norway_008393.jpg,
Norway_008394.jpg,4 867 1732 1016 1848
Norway_008395.jpg,1 2814 1844 2894 1924
Norway_008396.jpg,2 3529 1458 4039 1572 1 92 1423 174 1537 2 262 1600 667 1766
Norway_008397.jpg,
Norway_008398.jpg,
Norway_008399.jpg,1 93 1796 353 2027
Norway_008400.jpg,
Norway_008401.jpg,
Norway_008402.jpg,1 3485 1470 3583 1692 1 671 1346 779 1419
Norway_008403.jpg,
Norway_008404.jpg,1 997 1386 1210 1782 1 1004 1468 1143 1692 1 0 1480 597 1965 1 1183 1301 1237 1379 1 649 1144 1134 1500
Norway_008405.jpg,
Norway_008406.jpg,1 2928 1378 2964 1445
Norway_008407.jpg,
Norway_008408.jpg,
Norway_008409.jpg,1 1839 1509 2248 2031 1 1685 1877 1801 2031 1 1558 1646 1655 2011 1 0 1420 529 1727 1 1972 1691 2248 2034
Norway_008410.jpg,1 961 1316 1094 1515
Norway_008411.jpg,
Norway_008412.jpg,
Norway_008413.jpg,
Norway_008414.jpg,1 1470 1333 1606 1495
Norway_008415.jpg,
Norway_008416.jpg,
Norway_008417.jpg,
Norway_008418.jpg,
Norway_008419.jpg,
Norway_008420.jpg,2 1280 1630 1508 1684 1 1521 1789 1682 2028 1 943 1161 968 1189 1 1089 1095 1118 1127 1 271 1142 652 1317
Norway_008421.jpg,
Norway_008422.jpg,
Norway_008423.jpg,1 1527 1174 1978 2025
Norway_008424.jpg,
Norway_008425.jpg,1 294 1668 355 1718
Norway_008426.jpg,
Norway_008427.jpg,
Norway_008428.jpg,1 1611 1874 1649 1950 3 1125 1131 1233 1241 1 158 1410 487 1570 1 1411 1615 1471 1771 1 307 1392 540 1489
Norway_008429.jpg,
Norway_008430.jpg,
Norway_008431.jpg,
Norway_008432.jpg,
Norway_008433.jpg,3 737 1120 838 1248 1 1274 1251 1498 1399 1 788 1224 906 1322 1 256 1340 728 1624
Norway_008434.jpg,
Norway_008435.jpg,
Norway_008436.jpg,
Norway_008437.jpg,
Norway_008438.jpg,
Norway_008439.jpg,
Norway_008440.jpg,1 1249 1462 1269 1500 1 1107 1550 1237 1663 1 1266 1254 1392 1493
Norway_008441.jpg,
Norway_008442.jpg,2 1559 1617 1752 1651 1 1384 1195 1415 1255 2 805 1520 1006 1583 1 1728 1558 1868 1865 2 1633 1797 1826 1851
Norway_008443.jpg,
Norway_008444.jpg,4 3142 943 3333 1056
Norway_008445.jpg,
Norway_008446.jpg,
Norway_008447.jpg,1 1343 1119 1402 1196 1 562 1465 911 1782 1 1705 1589 1853 2016 1 1269 1252 1336 1356
Norway_008448.jpg,
Norway_008449.jpg,1 1529 1447 1597 1587 1 1468 1112 1528 1222
Norway_008450.jpg,
Norway_008451.jpg,
Norway_008452.jpg,1 1621 1274 2162 2028
Norway_008453.jpg,
Norway_008454.jpg,1 1311 1156 1366 1225
Norway_008455.jpg,1 531 1490 1056 2021 1 1017 1469 1375 2041
Norway_008456.jpg,
Norway_008457.jpg,1 1544 1268 1593 1350 1 2763 1201 2878 1314 1 2783 1052 2814 1104
Norway_008458.jpg,
Norway_008459.jpg,1 0 1469 355 1667
Norway_008460.jpg,
Norway_008461.jpg,
Norway_008462.jpg,1 1323 1181 1450 2041
Norway_008463.jpg,1 449 1880 516 1978
Norway_008464.jpg,3 1369 1325 1539 1489 1 1269 1803 1319 1888 1 1287 1228 1339 1294 1 1387 1515 1467 1680 1 1759 1526 1834 1854
Norway_008465.jpg,1 1648 1292 1848 1452 1 1381 1437 1418 1540 1 1326 1204 1422 1543 1 488 1337 1042 2031
Norway_008466.jpg,
Norway_008467.jpg,
Norway_008468.jpg,1 1627 1259 1702 1429 3 1488 1319 1845 2033 1 639 1312 952 1446 1 1291 1402 1445 2041
Norway_008469.jpg,
Norway_008470.jpg,1 1945 1645 1988 1724
Norway_008471.jpg,1 447 1224 749 1405
Norway_008472.jpg,1 257 1400 584 1571 1 1585 1635 1681 2024 1 1316 1196 1353 1389 1 549 1299 796 1422 1 938 1939 1000 2030
Norway_008473.jpg,1 682 1349 793 1459
Norway_008474.jpg,
Norway_008475.jpg,
Norway_008476.jpg,1 1038 1238 1156 1390
Norway_008477.jpg,
Norway_008478.jpg,
Norway_008479.jpg,1 1612 1673 1745 2044 1 1107 1090 1259 1166 1 1300 1180 1335 1213 1 5 1304 850 1684 1 1378 1080 1420 1161
Norway_008480.jpg,
Norway_008481.jpg,
Norway_008482.jpg,
Norway_008483.jpg,
Norway_008484.jpg,1 1611 1919 1643 1999 1 653 1922 785 2036 1 1560 1670 1682 1853 1 25 1352 936 1794 1 1433 1427 1539 1698
Norway_008485.jpg,
Norway_008486.jpg,1 1508 1284 1792 1633
Norway_008487.jpg,1 1388 1517 1417 1569 1 898 1290 998 1385 1 1137 1505 1178 1551 4 1840 1294 1925 1334 1 1507 1313 1559 1420
Norway_008488.jpg,1 1573 1099 1624 1185 1 1016 1091 1287 1205 1 1448 1619 1501 1827 1 1450 1287 1587 1841 1 1899 1889 1931 1939
Norway_008489.jpg,1 624 1258 1159 2041
Norway_008490.jpg,1 1439 1209 1478 1263 1 1484 1164 1842 2015 1 1004 1361 1156 1541
Norway_008491.jpg,1 1769 1420 1885 1592
Norway_008492.jpg,1 1889 1464 1989 1615
Norway_008493.jpg,1 1043 1356 1441 2036
Norway_008494.jpg,
Norway_008495.jpg,3 534 1849 1032 2034
Norway_008496.jpg,
Norway_008497.jpg,
Norway_008498.jpg,
Norway_008499.jpg,1 2146 1557 2890 2014
Norway_008500.jpg,
Norway_008501.jpg,
Norway_008502.jpg,1 2026 1410 2385 1683 1 2135 1332 2264 1407
Norway_008503.jpg,
Norway_008504.jpg,1 832 1589 1058 1841 1 1614 1219 1759 1474 1 1681 1418 2033 2032 1 1740 1760 1822 2029 1 1799 1456 1880 1601
Norway_008505.jpg,
Norway_008506.jpg,1 507 1425 578 1477 1 1447 1315 1474 1394
Norway_008507.jpg,1 1529 1333 1927 1825
Norway_008508.jpg,
Norway_008509.jpg,
Norway_008510.jpg,1 3325 862 3427 966
Norway_008511.jpg,1 1366 1227 1421 1300
Norway_008512.jpg,2 2 1664 629 1768 1 780 1196 1347 1615 3 1465 1605 1821 2028
Norway_008513.jpg,
Norway_008514.jpg,1 1777 1517 1860 1682 1 12 1685 247 1843 1 282 1468 722 1685 1 1706 1423 1864 1687
Norway_008515.jpg,1 2418 1463 2486 1523
Norway_008516.jpg,
Norway_008517.jpg,
Norway_008518.jpg,1 1454 1289 1550 1508 1 1138 1262 1194 1315 1 280 1573 369 1625 1 1294 1327 1487 2040
Norway_008519.jpg,
Norway_008520.jpg,4 59 1678 144 1733 1 2279 1389 2317 1438 1 869 1430 1114 1703 2 1171 1485 1570 1637
Norway_008521.jpg,1 1007 1226 1106 1295
Norway_008522.jpg,
Norway_008523.jpg,
Norway_008524.jpg,
Norway_008525.jpg,
Norway_008526.jpg,4 3566 1778 4040 2026 4 3360 1569 3517 1638
Norway_008527.jpg,
Norway_008528.jpg,3 20 1518 702 1932 3 829 1450 1407 2043
Norway_008529.jpg,
Norway_008530.jpg,2 969 1763 1867 1898
Norway_008531.jpg,
Norway_008532.jpg,1 599 1303 1048 1857 1 783 1239 1080 1599 1 1241 1167 1283 1213 1 362 1830 614 2035 1 800 1148 958 1281
Norway_008533.jpg,1 419 1270 1328 2015
Norway_008534.jpg,1 1595 1288 1962 2028
Norway_008535.jpg,1 1522 1221 1591 1368 1 2055 1811 2301 2036 1 1596 1333 1917 2033
Norway_008536.jpg,
Norway_008537.jpg,
Norway_008538.jpg,
Norway_008539.jpg,
Norway_008540.jpg,1 1598 1465 1699 1753 1 1599 1464 1867 2035
Norway_008541.jpg,
Norway_008542.jpg,1 1121 1234 1499 1653 1 1282 1243 1503 1455 1 1130 1451 1249 1665 1 842 1836 944 2040
Norway_008543.jpg,
Norway_008544.jpg,
Norway_008545.jpg,
Norway_008546.jpg,1 2137 1717 2501 1897 1 1676 1399 1713 1442 3 1523 1132 1684 1342
Norway_008547.jpg,
Norway_008548.jpg,1 1534 1606 1729 2031 1 1407 1397 1481 1581 1 0 1526 294 1679 1 1453 1336 1517 1407 1 1418 1412 1742 2023
Norway_008549.jpg,
Norway_008550.jpg,1 1234 1165 1295 1233
Norway_008551.jpg,
Norway_008552.jpg,2 1519 1265 1604 1313 1 762 1277 874 1335 1 1519 1264 1604 1315 1 1533 1149 1560 1210 1 1324 1314 1423 1632
Norway_008553.jpg,
Norway_008554.jpg,
Norway_008555.jpg,
Norway_008556.jpg,
Norway_008557.jpg,
Norway_008558.jpg,
Norway_008559.jpg,1 1168 1098 1358 1240 1 201 1495 857 2010
Norway_008560.jpg,
Norway_008561.jpg,
Norway_008562.jpg,1 1523 1440 1746 2041 1 395 1674 747 2029 1 1607 1640 1739 2039 1 1662 1373 1760 1558
Norway_008563.jpg,1 1682 1258 1763 1354 1 1650 1279 1697 1353 1 2089 1566 2322 1757 1 1780 1492 1825 1562 1 1931 1897 2016 2039
Norway_008564.jpg,1 1958 1811 2145 2035
Norway_008565.jpg,1 485 1394 744 1759
Norway_008566.jpg,
Norway_008567.jpg,
Norway_008568.jpg,
Norway_008569.jpg,
Norway_008570.jpg,
Norway_008571.jpg,
Norway_008572.jpg,1 617 1342 821 1456
Norway_008573.jpg,2 489 1289 791 1394
Norway_008574.jpg,
Norway_008575.jpg,
Norway_008576.jpg,1 1439 1625 1664 2026 1 1442 1863 1495 2037
Norway_008577.jpg,
Norway_008578.jpg,
Norway_008579.jpg,
Norway_008580.jpg,1 945 1162 1061 1217 1 1292 1214 1321 1252 1 753 1250 861 1316 1 1484 1212 1519 1265 1 1324 1691 1368 1792
Norway_008581.jpg,
Norway_008582.jpg,
Norway_008583.jpg,1 1440 1219 1947 2032
Norway_008584.jpg,
Norway_008585.jpg,
Norway_008586.jpg,
Norway_008587.jpg,4 1585 1225 1691 1275 1 1540 1295 1634 1467
Norway_008588.jpg,1 2279 1296 2523 1408 1 887 1304 1043 1478
Norway_008589.jpg,1 1835 1496 2296 2028
Norway_008590.jpg,1 1140 1257 1188 1372 1 1318 1410 1418 1707 1 1300 1141 1332 1214 1 1255 1410 1414 2023
Norway_008591.jpg,
Norway_008592.jpg,
Norway_008593.jpg,1 1663 1447 2306 2016
Norway_008594.jpg,1 140 1590 384 1725 1 327 1461 690 1717 1 2 1708 332 1938 1 1 1592 494 1922 3 1444 1183 1577 1501
Norway_008595.jpg,
Norway_008596.jpg,
Norway_008597.jpg,1 1565 1583 1804 2014 1 206 1288 791 1608 1 4 1311 733 1779 1 554 1308 1077 1957 1 1808 1575 1927 1664
Norway_008598.jpg,1 1519 1296 2150 2021
Norway_008599.jpg,
Norway_008600.jpg,
Norway_008601.jpg,1 1574 1373 2363 2034
Norway_008602.jpg,
Norway_008603.jpg,1 2100 1839 2263 2035 1 1482 1402 1546 1627
Norway_008604.jpg,1 1520 1349 1565 1397 1 0 1441 461 1622 1 590 1254 832 1358 1 1337 1331 1367 1407 1 1467 1581 1530 1781
Norway_008605.jpg,1 1090 1066 1154 1270 1 45 1376 365 1531
Norway_008606.jpg,
Norway_008607.jpg,
Norway_008608.jpg,1 1170 1132 1217 1197
Norway_008609.jpg,
Norway_008610.jpg,1 961 1318 1057 1450 3 200 1574 716 2035
Norway_008611.jpg,
Norway_008612.jpg,1 702 1230 1195 1648
Norway_008613.jpg,
Norway_008614.jpg,
Norway_008615.jpg,
Norway_008616.jpg,
Norway_008617.jpg,
Norway_008618.jpg,1 981 1249 1079 1506 1 764 1133 878 1200 1 841 1228 1084 2030 1 0 1272 628 1931
Norway_008619.jpg,
Norway_008620.jpg,1 1316 1306 1403 1443
Norway_008621.jpg,
Norway_008622.jpg,
Norway_008623.jpg,
Norway_008624.jpg,
Norway_008625.jpg,1 2126 1649 2204 1785 1 1200 1275 1246 1330 1 1113 1200 1250 1278 1 1127 1308 1155 1352 1 510 1355 696 1451
Norway_008626.jpg,
Norway_008627.jpg,
Norway_008628.jpg,
Norway_008629.jpg,
Norway_008630.jpg,1 2616 1488 3139 1789 1 2469 1648 2740 1863 1 2483 1660 3014 2030 1 2375 1483 2653 1692 1 2510 1485 2606 1567
Norway_008631.jpg,1 519 1489 903 1815
Norway_008632.jpg,1 204 1483 412 1594 1 619 1560 874 1940 1 679 1752 883 2034 1 1911 1672 2167 1994 1 673 1526 998 2034
Norway_008633.jpg,
Norway_008634.jpg,
Norway_008635.jpg,1 1491 1326 2110 2027
Norway_008636.jpg,1 1470 1648 1700 2035 3 399 1450 825 1726 1 1491 1799 1625 2023 1 1651 1682 1694 1793 1 297 1843 409 1910
Norway_008637.jpg,1 919 1631 1075 2015
Norway_008638.jpg,
Norway_008639.jpg,
Norway_008640.jpg,1 0 1395 587 1706
Norway_008641.jpg,1 1548 1592 1650 1791 1 1962 1977 2004 2039 1 1626 1340 1700 1428 1 178 1257 1020 1638 1 1548 1574 1789 2038
Norway_008642.jpg,
Norway_008643.jpg,
Norway_008644.jpg,1 1372 1326 1507 1483
Norway_008645.jpg,
Norway_008646.jpg,
Norway_008647.jpg,
Norway_008648.jpg,1 1458 1201 1518 1242 1 153 1324 780 1632 1 3 1405 645 1730 1 536 1320 791 1440 1 1422 1128 1467 1195
Norway_008649.jpg,
Norway_008650.jpg,1 1255 1141 1296 1174 1 1187 1264 1265 1354 1 1100 1199 1212 1262 1 1219 1900 1269 2037 1 1339 1277 1409 1333
Norway_008651.jpg,1 961 1162 1057 1212 1 0 1444 444 1644 1 0 1498 265 1642 1 1604 1679 1657 1814 1 572 1293 805 1395
Norway_008652.jpg,
Norway_008653.jpg,2 1155 1362 1358 1387 1 1661 1411 1753 1506 1 1484 1647 1623 1787 1 1523 1264 1628 1366 1 690 1157 821 1224
Norway_008654.jpg,
Norway_008655.jpg,
Norway_008656.jpg,
Norway_008657.jpg,
Norway_008658.jpg,
Norway_008659.jpg,
Norway_008660.jpg,
Norway_008661.jpg,4 3417 1755 3579 1846
Norway_008662.jpg,
Norway_008663.jpg,1 1325 1167 1380 1256 1 1018 1304 1138 1387 1 1187 1175 1285 1256 1 1284 1167 1389 1288 1 312 1717 677 2029
Norway_008664.jpg,
Norway_008665.jpg,1 1610 1480 1668 1586 1 1612 1217 1673 1317 1 1844 1534 1951 1653 1 1608 1453 1730 1724 1 1601 1343 1684 1491
Norway_008666.jpg,
Norway_008667.jpg,
Norway_008668.jpg,
Norway_008669.jpg,1 775 1127 850 1188
Norway_008670.jpg,
Norway_008671.jpg,1 1584 1394 1654 1468
Norway_008672.jpg,
Norway_008673.jpg,
Norway_008674.jpg,
Norway_008675.jpg,
Norway_008676.jpg,
Norway_008677.jpg,1 1293 1291 1376 1488 1 1484 1559 1556 1667 1 1426 1462 1478 1568 1 1641 1234 1760 1468 1 1567 1661 1678 2037
Norway_008678.jpg,
Norway_008679.jpg,1 368 1338 590 1432 1 442 1344 586 1408 1 0 1498 375 1701
Norway_008680.jpg,1 961 1571 1014 1696
Norway_008681.jpg,1 1392 1196 2003 2008
Norway_008682.jpg,
Norway_008683.jpg,
Norway_008684.jpg,
Norway_008685.jpg,
Norway_008686.jpg,1 1229 1145 1255 1202 1 500 1289 777 1411
Norway_008687.jpg,
Norway_008688.jpg,1 3235 532 3289 689
Norway_008689.jpg,1 1282 1214 1343 1277
Norway_008690.jpg,
Norway_008691.jpg,
Norway_008692.jpg,1 157 1537 317 1626 1 396 1329 501 1390 1 434 1395 595 1474
Norway_008693.jpg,
Norway_008694.jpg,
Norway_008695.jpg,1 446 1352 720 1528 1 1852 1887 2035 2040
Norway_008696.jpg,2 601 1695 728 1734 1 501 1503 713 1605 1 746 1225 1041 1366 1 1499 1200 1550 1237 1 1035 1435 1096 1478
Norway_008697.jpg,
Norway_008698.jpg,
Norway_008699.jpg,
Norway_008700.jpg,
Norway_008701.jpg,
Norway_008702.jpg,
Norway_008703.jpg,
Norway_008704.jpg,
Norway_008705.jpg,
Norway_008706.jpg,
Norway_008707.jpg,4 686 1691 843 1797 4 684 1632 910 1798 1 687 1562 992 1793 4 606 1520 683 1561 4 6 1750 194 1867
Norway_008708.jpg,
Norway_008709.jpg,
Norway_008710.jpg,
Norway_008711.jpg,1 0 1542 266 1787 1 996 1169 1160 1332 1 186 1389 444 1503 4 1315 1458 1450 1517 1 1263 1275 1339 1332
Norway_008712.jpg,
Norway_008713.jpg,
Norway_008714.jpg,
Norway_008715.jpg,1 339 1407 983 2015
Norway_008716.jpg,
Norway_008717.jpg,1 1720 1309 1846 1480 1 982 1184 1338 1457 1 1405 1130 1496 1186 1 1908 1562 2190 2027
Norway_008718.jpg,1 1440 1287 1629 1524
Norway_008719.jpg,
Norway_008720.jpg,
Norway_008721.jpg,1 808 1039 851 1121 1 1314 1342 1363 1427
Norway_008722.jpg,1 1438 1196 2037 2035
Norway_008723.jpg,
Norway_008724.jpg,
Norway_008725.jpg,1 946 1381 1075 1499 1 2 1623 121 1700 1 228 1535 398 1629 1 384 1924 509 2039 1 1594 1237 1663 1370
Norway_008726.jpg,
Norway_008727.jpg,
Norway_008728.jpg,
Norway_008729.jpg,1 1 1492 374 1778 1 1464 1278 1593 2021 1 1466 1173 1574 1372
Norway_008730.jpg,1 1476 1688 1634 2029 1 1533 1810 1636 2018 1 1399 1178 1470 1264 1 1441 1328 1614 2026 1 2011 1844 2109 2037
Norway_008731.jpg,
Norway_008732.jpg,
Norway_008733.jpg,1 932 1164 1175 1272 1 1569 1331 1705 1472 4 1905 1144 1994 1185 1 781 1266 838 1324 1 251 1560 898 2024
Norway_008734.jpg,
Norway_008735.jpg,
Norway_008736.jpg,1 1338 1217 1454 1285
Norway_008737.jpg,
Norway_008738.jpg,
Norway_008739.jpg,
Norway_008740.jpg,
Norway_008741.jpg,1 1550 1374 2041 2026
Norway_008742.jpg,
Norway_008743.jpg,4 822 1223 870 1283
Norway_008744.jpg,1 727 1365 805 1468 2 104 1455 277 1555
Norway_008745.jpg,
Norway_008746.jpg,1 1339 1212 1393 1263 1 1242 1207 1271 1254 4 1788 1854 1886 1933 4 1467 1598 1635 1802
Norway_008747.jpg,3 195 1500 618 1769 1 992 1301 1119 1445 1 1329 1228 1476 1529 1 827 1889 916 1954 1 648 1691 757 1787
Norway_008748.jpg,
Norway_008749.jpg,
Norway_008750.jpg,
Norway_008751.jpg,
Norway_008752.jpg,
Norway_008753.jpg,1 215 1860 299 1946 1 1613 1508 1680 1696 1 1741 1850 1844 2037 1 1260 1409 1413 2041
Norway_008754.jpg,1 2487 1965 2555 2029 1 2280 1814 2560 2026
Norway_008755.jpg,1 1233 1210 1349 1314 1 1645 1167 1666 1202 1 1629 1264 1648 1302 1 1233 1166 1457 1311
Norway_008756.jpg,
Norway_008757.jpg,
Norway_008758.jpg,
Norway_008759.jpg,
Norway_008760.jpg,
Norway_008761.jpg,
Norway_008762.jpg,
Norway_008763.jpg,
Norway_008764.jpg,
Norway_008765.jpg,
Norway_008766.jpg,2 991 1250 1637 1427
Norway_008767.jpg,
Norway_008768.jpg,1 1238 1255 1366 1428
Norway_008769.jpg,
Norway_008770.jpg,4 1380 1355 1440 1461
Norway_008771.jpg,
Norway_008772.jpg,
Norway_008773.jpg,
Norway_008774.jpg,
Norway_008775.jpg,2 780 1323 1828 1421 1 1876 1417 1987 1493
Norway_008776.jpg,1 163 1463 555 1689
Norway_008777.jpg,
Norway_008778.jpg,
Norway_008779.jpg,
Norway_008780.jpg,
Norway_008781.jpg,
Norway_008782.jpg,
Norway_008783.jpg,
Norway_008784.jpg,
Norway_008785.jpg,1 268 1427 592 1550 1 327 1408 1035 2023 1 1083 1190 1265 1353 1 694 1370 848 1446
Norway_008786.jpg,1 434 1381 537 1434 4 1627 1616 1673 1652 1 1406 1254 1432 1283 1 1527 1397 1644 1583 1 1448 1597 1513 1690
Norway_008787.jpg,
Norway_008788.jpg,
Norway_008789.jpg,1 622 1458 787 1655 3 858 1256 1041 1382 3 599 1204 867 1380 1 787 1588 868 1790 1 1408 1269 1580 1475
Norway_008790.jpg,
Norway_008791.jpg,
Norway_008792.jpg,1 1355 1257 1382 1281 1 1387 1315 1432 1400 1 1448 1200 1537 1446 1 1431 1136 1468 1243 1 1329 1418 1444 2039
Norway_008793.jpg,
Norway_008794.jpg,
Norway_008795.jpg,
Norway_008796.jpg,
Norway_008797.jpg,
Norway_008798.jpg,
Norway_008799.jpg,
Norway_008800.jpg,
Norway_008801.jpg,1 1096 1440 1367 1956
Norway_008802.jpg,
Norway_008803.jpg,
Norway_008804.jpg,1 1452 1253 1588 1490 1 1494 1486 1655 2041
Norway_008805.jpg,1 1615 1389 1694 1451 1 1125 1578 1275 1700
Norway_008806.jpg,
Norway_008807.jpg,
Norway_008808.jpg,1 758 1284 1066 1429 1 198 1484 592 1681 3 1506 1167 1941 2011 1 1273 1150 1454 1261 1 1281 1267 1382 1353
Norway_008809.jpg,1 2081 1503 2759 2021 1 1814 1311 2048 1574
Norway_008810.jpg,
Norway_008811.jpg,
Norway_008812.jpg,1 1380 1320 1437 1436 1 677 1492 828 1675 1 1126 1169 1169 1216 1 735 1336 779 1402 1 560 1307 698 1397
Norway_008813.jpg,1 1630 1670 1682 1841 1 1447 1248 1593 1399 1 1659 1886 1776 2038 1 1684 1640 1899 2033 1 1513 1262 1917 2027
Norway_008814.jpg,1 1491 1307 1918 1941
Norway_008815.jpg,1 1264 1099 1462 1454
Norway_008816.jpg,
Norway_008817.jpg,1 774 1273 979 1350 1 1173 1263 1259 1327
Norway_008818.jpg,
Norway_008819.jpg,
Norway_008820.jpg,2 0 1652 1366 1843 1 243 1371 718 1596
Norway_008821.jpg,1 1427 1259 1933 2034 1 1645 1609 1937 2031
Norway_008822.jpg,2 1539 1599 1771 1683 1 1195 1177 1288 1377 1 1349 1621 1388 1703 3 1387 1739 1493 1877
Norway_008823.jpg,
Norway_008824.jpg,
Norway_008825.jpg,
Norway_008826.jpg,
Norway_008827.jpg,1 1568 1164 1685 1319 1 1712 1359 1902 1573
Norway_008828.jpg,1 1354 1181 1404 1269
Norway_008829.jpg,1 1359 1277 1516 1536
Norway_008830.jpg,
Norway_008831.jpg,
Norway_008832.jpg,
Norway_008833.jpg,
Norway_008834.jpg,
Norway_008835.jpg,4 1241 1463 1349 1510 4 1258 1520 1361 1584
Norway_008836.jpg,
Norway_008837.jpg,
Norway_008838.jpg,
Norway_008839.jpg,1 1236 1151 1291 1185 1 1753 1443 2149 2032 1 1751 1444 1944 1701 1 1538 1352 1616 1481 1 1535 1971 1603 2038
Norway_008840.jpg,
Norway_008841.jpg,1 1857 1620 1949 1741
Norway_008842.jpg,1 1654 1806 1724 1960 1 1590 1576 1658 1818 1 1815 1794 1873 1902
Norway_008843.jpg,
Norway_008844.jpg,
Norway_008845.jpg,1 480 1696 590 1814
Norway_008846.jpg,
Norway_008847.jpg,
Norway_008848.jpg,
Norway_008849.jpg,
Norway_008850.jpg,
Norway_008851.jpg,1 1241 1201 1273 1302
Norway_008852.jpg,
Norway_008853.jpg,
Norway_008854.jpg,
Norway_008855.jpg,2 1065 1678 1953 1771 1 1195 1366 1290 1571
Norway_008856.jpg,
Norway_008857.jpg,
Norway_008858.jpg,
Norway_008859.jpg,1 1569 1183 1750 1487 1 1494 1046 1554 1129 1 1620 1270 2111 2033
Norway_008860.jpg,1 658 1699 949 2010
Norway_008861.jpg,3 2897 1014 3290 1357
Norway_008862.jpg,
Norway_008863.jpg,
Norway_008864.jpg,
Norway_008865.jpg,
Norway_008866.jpg,
Norway_008867.jpg,
Norway_008868.jpg,
Norway_008869.jpg,1 1422 1140 1490 1195 1 1355 1354 1425 1424 1 1043 1298 1128 1394
Norway_008870.jpg,1 3836 1848 3930 1926
Norway_008871.jpg,
Norway_008872.jpg,1 898 1465 964 1576
Norway_008873.jpg,
Norway_008874.jpg,
Norway_008875.jpg,
Norway_008876.jpg,
Norway_008877.jpg,
Norway_008878.jpg,
Norway_008879.jpg,
Norway_008880.jpg,1 1010 1288 1086 1459
Norway_008881.jpg,1 1438 1120 1464 1213 1 1429 1251 1462 1310 1 289 1573 822 2021
Norway_008882.jpg,1 1354 1196 1391 1241
Norway_008883.jpg,1 278 1427 674 1663 1 0 1438 629 1938 1 2 1641 327 1997 1 1164 1134 1234 1180
Norway_008884.jpg,
Norway_008885.jpg,
Norway_008886.jpg,
Norway_008887.jpg,1 818 1517 1001 1694
Norway_008888.jpg,2 3312 1587 3645 1670
Norway_008889.jpg,
Norway_008890.jpg,
Norway_008891.jpg,
Norway_008892.jpg,
Norway_008893.jpg,1 1518 1230 1566 1347
Norway_008894.jpg,
Norway_008895.jpg,
Norway_008896.jpg,
Norway_008897.jpg,
Norway_008898.jpg,1 1818 1336 1901 1407 1 1819 1337 1871 1379
Norway_008899.jpg,
Norway_008900.jpg,1 1555 1411 2067 2013
Norway_008901.jpg,
Norway_008902.jpg,1 853 1147 1398 1569 2 818 1551 1818 1656 1 1540 1051 1605 1201 1 1549 1245 1637 1419
Norway_008903.jpg,
Norway_008904.jpg,
Norway_008905.jpg,
Norway_008906.jpg,
Norway_008907.jpg,
Norway_008908.jpg,
Norway_008909.jpg,1 1064 1290 1132 1363 1 8 1426 394 1652 1 189 1565 298 1634 1 620 1264 869 1448 1 213 1324 1004 2034
Norway_008910.jpg,
Norway_008911.jpg,
Norway_008912.jpg,
Norway_008913.jpg,1 2072 1567 2524 2025 1 1713 1294 1914 1622 3 1753 1528 2542 2037 1 539 1758 592 1828
Norway_008914.jpg,
Norway_008915.jpg,1 240 1395 661 1588
Norway_008916.jpg,
Norway_008917.jpg,1 1238 1134 1283 1182
Norway_008918.jpg,
Norway_008919.jpg,
Norway_008920.jpg,1 1427 1403 1510 1513 1 1484 1250 1585 1418 1 1316 1254 1376 1381 1 409 1370 724 1522 1 1185 1253 1370 1478
Norway_008921.jpg,1 947 1205 1092 1377
Norway_008922.jpg,
Norway_008923.jpg,
Norway_008924.jpg,
Norway_008925.jpg,
Norway_008926.jpg,1 1365 1214 2009 2006
Norway_008927.jpg,1 1505 1184 1536 1251
Norway_008928.jpg,1 75 1158 1091 1595 1 2270 1840 2510 2017
Norway_008929.jpg,3 965 1383 1241 1587 2 1148 1507 1917 1588 1 1694 1295 1750 1371 1 447 1610 661 1773 3 753 1584 1104 1893
Norway_008930.jpg,4 523 1718 591 1762 4 635 1630 726 1677
Norway_008931.jpg,
Norway_008932.jpg,
Norway_008933.jpg,
Norway_008934.jpg,
Norway_008935.jpg,
Norway_008936.jpg,
Norway_008937.jpg,
Norway_008938.jpg,
Norway_008939.jpg,
Norway_008940.jpg,
Norway_008941.jpg,
Norway_008942.jpg,
Norway_008943.jpg,
Norway_008944.jpg,1 1369 1410 1422 1520 1 1358 1481 1573 2025
Norway_008945.jpg,
Norway_008946.jpg,1 1438 1440 1491 1557 1 1229 1209 1271 1263 1 1242 1286 1333 1414 1 1498 1240 1570 1541 1 1421 1279 1460 1411
Norway_008947.jpg,3 1600 1696 1817 2024 3 833 1639 1113 1761
Norway_008948.jpg,1 1108 1109 1179 1204 1 1216 1168 1273 1233 1 1201 1173 1254 1243
Norway_008949.jpg,1 348 1688 704 2037 1 944 1174 1016 1304
Norway_008950.jpg,
Norway_008951.jpg,
Norway_008952.jpg,1 1529 1155 1621 1316 1 1519 1305 1602 1577
Norway_008953.jpg,
Norway_008954.jpg,
Norway_008955.jpg,
Norway_008956.jpg,1 514 1261 583 1310 1 35 1428 366 1607 1 452 1319 630 1433
Norway_008957.jpg,1 1254 1194 1646 1853
Norway_008958.jpg,1 598 1425 935 1725 1 820 1498 1030 1771 1 1496 1351 1533 1444
Norway_008959.jpg,1 481 1278 602 1351
Norway_008960.jpg,
Norway_008961.jpg,1 1176 1279 1274 1995
Norway_008962.jpg,
Norway_008963.jpg,
Norway_008964.jpg,
Norway_008965.jpg,
Norway_008966.jpg,1 141 1416 330 1517
Norway_008967.jpg,
Norway_008968.jpg,
Norway_008969.jpg,4 1401 1626 1720 1735
Norway_008970.jpg,1 1454 1156 1492 1192 1 1316 1320 1348 1377 1 1317 1214 1438 1376 1 920 1225 1070 1346 1 1568 1265 1728 1547
Norway_008971.jpg,1 1549 1184 1721 1410 1 1644 1310 1705 1407 1 1984 1740 2204 2035 1 1802 1483 1920 1665 1 1041 1362 1246 1730
Norway_008972.jpg,1 1476 1254 2191 2015
Norway_008973.jpg,1 1330 1456 1362 1493 1 2 1478 382 1811 1 1357 1473 1419 1612
Norway_008974.jpg,1 1704 1439 2042 2022 1 1158 1417 1514 1599 2 1159 1417 1506 1599 1 1396 1191 1448 1268 1 805 1685 917 2032
Norway_008975.jpg,2 867 1422 1065 1468
Norway_008976.jpg,
Norway_008977.jpg,
Norway_008978.jpg,
Norway_008979.jpg,
Norway_008980.jpg,
Norway_008981.jpg,
Norway_008982.jpg,
Norway_008983.jpg,1 1202 1265 1459 1486
Norway_008984.jpg,
Norway_008985.jpg,
Norway_008986.jpg,
Norway_008987.jpg,1 1563 1370 2091 2011
Norway_008988.jpg,1 348 1440 500 1538 1 407 1266 871 1466 1 180 1572 235 1609 1 1242 1095 1301 1210 1 1330 1338 1419 2027
Norway_008989.jpg,
Norway_008990.jpg,1 1548 1328 1697 2002
Norway_008991.jpg,
Norway_008992.jpg,
Norway_008993.jpg,
Norway_008994.jpg,1 1473 1430 1692 1697 1 1471 1408 1889 2025
Norway_008995.jpg,
Norway_008996.jpg,
Norway_008997.jpg,
Norway_008998.jpg,
Norway_008999.jpg,
Norway_009000.jpg,1 1414 1202 1523 1566 1 1451 1170 1545 1284 1 1258 1221 1322 1269 1 1609 1172 1669 1296 1 1402 1357 1504 1587
Norway_009001.jpg,
Norway_009002.jpg,
Norway_009003.jpg,
Norway_009004.jpg,1 1478 1233 1615 1653 1 1568 1789 1649 2034 1 1137 1164 1210 1216 1 1035 1313 1428 2007 1 1519 1215 1615 1504
Norway_009005.jpg,
Norway_009006.jpg,
Norway_009007.jpg,1 1530 1472 1949 2021
Norway_009008.jpg,
Norway_009009.jpg,
Norway_009010.jpg,1 871 1368 925 1428 1 3 1606 382 1871 2 937 1357 1070 1411 1 868 1158 928 1219 1 709 1219 761 1261
Norway_009011.jpg,1 3 1646 396 2004
Norway_009012.jpg,
Norway_009013.jpg,
Norway_009014.jpg,1 1119 1414 1148 1469 1 436 1468 1001 2024 1 1587 1549 1662 1691
Norway_009015.jpg,
Norway_009016.jpg,
Norway_009017.jpg,
Norway_009018.jpg,
Norway_009019.jpg,
Norway_009020.jpg,
Norway_009021.jpg,1 356 1590 406 1629 1 1076 1146 1151 1189 1 1006 1241 1030 1270 1 1311 1072 1348 1114 1 639 1687 809 1844
Norway_009022.jpg,
Norway_009023.jpg,
Norway_009024.jpg,
Norway_009025.jpg,1 617 1309 1042 1480 1 502 1440 744 1565 1 1680 1330 1737 1440 1 876 1531 1054 1617 1 0 1584 454 1830
Norway_009026.jpg,
Norway_009027.jpg,
Norway_009028.jpg,
Norway_009029.jpg,
Norway_009030.jpg,
Norway_009031.jpg,1 209 1527 473 1660 2 1566 1660 1816 1706 2 1581 1757 1816 1799 1 1432 1161 1473 1266 1 1451 1405 1617 2025
Norway_009032.jpg,
Norway_009033.jpg,
Norway_009034.jpg,
Norway_009035.jpg,1 0 1621 266 1929
Norway_009036.jpg,
Norway_009037.jpg,
Norway_009038.jpg,
Norway_009039.jpg,
Norway_009040.jpg,
Norway_009041.jpg,
Norway_009042.jpg,
Norway_009043.jpg,
Norway_009044.jpg,1 1363 1350 1416 1443
Norway_009045.jpg,
Norway_009046.jpg,1 257 1588 598 2029
Norway_009047.jpg,
Norway_009048.jpg,
Norway_009049.jpg,2 150 1646 526 1702
Norway_009050.jpg,1 290 1729 602 2018 1 475 1228 1219 1725 1 1714 1304 2545 2021 1 1313 1162 1372 1218
Norway_009051.jpg,
Norway_009052.jpg,
Norway_009053.jpg,
Norway_009054.jpg,
Norway_009055.jpg,
Norway_009056.jpg,
Norway_009057.jpg,
Norway_009058.jpg,
Norway_009059.jpg,1 1172 1171 1311 1261 1 963 1166 1436 1974 1 997 1694 1190 2028 1 790 1343 1025 1481 1 1587 1463 1715 1722
Norway_009060.jpg,1 0 1491 372 1695 1 1501 1230 1724 2041
Norway_009061.jpg,
Norway_009062.jpg,1 1754 1537 2224 2026
Norway_009063.jpg,
Norway_009064.jpg,
Norway_009065.jpg,1 437 1406 721 1546 1 147 1564 586 1726 2 0 1850 380 1942 1 670 1288 989 1463
Norway_009066.jpg,
Norway_009067.jpg,
Norway_009068.jpg,
Norway_009069.jpg,
Norway_009070.jpg,
Norway_009071.jpg,1 1251 1106 1334 1227
Norway_009072.jpg,
Norway_009073.jpg,
Norway_009074.jpg,
Norway_009075.jpg,
Norway_009076.jpg,
Norway_009077.jpg,
Norway_009078.jpg,
Norway_009079.jpg,
Norway_009080.jpg,1 0 1218 647 1585 1 1441 1185 1582 1381
Norway_009081.jpg,
Norway_009082.jpg,
Norway_009083.jpg,1 2939 751 3136 911 2 741 1477 1695 1600
Norway_009084.jpg,1 661 1406 850 1658
Norway_009085.jpg,
Norway_009086.jpg,
Norway_009087.jpg,
Norway_009088.jpg,
Norway_009089.jpg,1 1042 1145 1181 1207 1 1609 1387 1720 1620 1 1397 1465 1452 1675 1 1107 1323 1173 1406
Norway_009090.jpg,
Norway_009091.jpg,1 1330 1327 1360 1381 1 1554 1136 1623 1254
Norway_009092.jpg,
Norway_009093.jpg,
Norway_009094.jpg,
Norway_009095.jpg,
Norway_009096.jpg,
Norway_009097.jpg,
Norway_009098.jpg,
Norway_009099.jpg,1 493 1289 797 1429 1 1846 1496 2377 2017
Norway_009100.jpg,
Norway_009101.jpg,
Norway_009102.jpg,
Norway_009103.jpg,1 1421 1260 1548 1336 1 1327 1513 1373 1619
Norway_009104.jpg,1 1267 1152 1451 1256 1 1562 1219 1592 1252 1 985 1372 1136 1517 1 1082 1377 1140 1464 1 1086 1343 1127 1378
Norway_009105.jpg,1 858 1443 929 1493 2 885 1484 1398 1546 2 1555 1438 1819 1478 1 1043 1307 1153 1425 1 1269 1127 1342 1196
Norway_009106.jpg,
Norway_009107.jpg,
Norway_009108.jpg,
Norway_009109.jpg,
Norway_009110.jpg,
Norway_009111.jpg,1 511 1315 895 1514 1 1005 1466 1111 1553 1 5 1424 668 1796 3 1457 1073 1559 1217 3 1454 1146 1567 1412
Norway_009112.jpg,
Norway_009113.jpg,
Norway_009114.jpg,1 1205 1060 1270 1172
Norway_009115.jpg,
Norway_009116.jpg,
Norway_009117.jpg,
Norway_009118.jpg,
Norway_009119.jpg,1 1141 1519 1274 2041 1 1094 1286 1274 1583
Norway_009120.jpg,
Norway_009121.jpg,
Norway_009122.jpg,
Norway_009123.jpg,
Norway_009124.jpg,
Norway_009125.jpg,1 1118 1751 1197 2028 2 1877 1821 2315 1906
Norway_009126.jpg,1 1551 1524 1691 2013
Norway_009127.jpg,
Norway_009128.jpg,
Norway_009129.jpg,
Norway_009130.jpg,
Norway_009131.jpg,
Norway_009132.jpg,
Norway_009133.jpg,
Norway_009134.jpg,
Norway_009135.jpg,1 1102 1193 1204 1286 1 1421 1365 1495 1444 1 1115 1318 1199 1399
Norway_009136.jpg,
Norway_009137.jpg,1 0 1583 141 1737
Norway_009138.jpg,1 1156 1121 1193 1172 1 1195 1117 1308 1219
Norway_009139.jpg,
Norway_009140.jpg,
Norway_009141.jpg,1 1543 1357 2158 2023
Norway_009142.jpg,1 1210 1211 1290 1302 1 731 1038 768 1097
Norway_009143.jpg,
Norway_009144.jpg,
Norway_009145.jpg,
Norway_009146.jpg,
Norway_009147.jpg,1 0 1259 476 1506
Norway_009148.jpg,1 1458 1125 1482 1205 2 1457 1647 1791 1689 1 1181 1321 1224 1383 1 1428 1307 1486 1625
Norway_009149.jpg,2 470 1522 2025 1766
Norway_009150.jpg,
Norway_009151.jpg,1 16 1410 769 1781 1 885 1524 1527 2039
Norway_009152.jpg,1 1644 1279 1717 1440 1 1548 1320 1613 1439 1 1703 1653 1886 2035 1 1568 1287 1821 1685
Norway_009153.jpg,
Norway_009154.jpg,
Norway_009155.jpg,
Norway_009156.jpg,
Norway_009157.jpg,1 1314 1162 1380 1257
Norway_009158.jpg,4 673 1746 865 1834 4 724 1636 838 1696
Norway_009159.jpg,
Norway_009160.jpg,
Norway_009161.jpg,
Norway_009162.jpg,
Norway_009163.jpg,
Norway_009164.jpg,
Norway_009165.jpg,1 1074 1216 1300 1452 1 0 1412 486 1669 1 719 1224 1142 1478 1 1600 1425 1651 1499 3 2 1387 548 1628
Norway_009166.jpg,
Norway_009167.jpg,
Norway_009168.jpg,1 1009 1154 1210 1356 1 613 1294 1102 1685
Norway_009169.jpg,1 0 1345 717 1787
Norway_009170.jpg,1 1531 1323 1582 1421 1 1543 1364 1581 1414 1 1579 1656 1619 1729 1 1659 1734 1714 1810 1 1622 1428 1688 1598
Norway_009171.jpg,
Norway_009172.jpg,1 1389 1685 1525 2035
Norway_009173.jpg,
Norway_009174.jpg,
Norway_009175.jpg,1 678 1588 764 1671 1 1909 1886 1985 2016 1 1447 1403 1702 2018 1 809 1484 986 1606 1 857 1326 957 1389
Norway_009176.jpg,
Norway_009177.jpg,
Norway_009178.jpg,1 973 1371 1052 1569
Norway_009179.jpg,
Norway_009180.jpg,1 0 1312 699 1668 2 6 1688 819 1944 2 1176 1816 1885 1947
Norway_009181.jpg,1 1518 1237 1578 1369 1 1187 1409 1233 1447 1 0 1725 284 1967 1 1579 1140 1603 1183 1 1298 1140 1347 1179
Norway_009182.jpg,
Norway_009183.jpg,2 1972 1898 2300 2007
Norway_009184.jpg,
Norway_009185.jpg,
Norway_009186.jpg,1 0 1516 415 1716
Norway_009187.jpg,1 1427 1582 1561 2036
Norway_009188.jpg,
Norway_009189.jpg,1 443 1512 786 1748 1 95 1505 790 2024
Norway_009190.jpg,
Norway_009191.jpg,
Norway_009192.jpg,1 1811 1407 2059 1700 1 1563 1390 1614 1478 1 503 1214 1047 1486 1 1582 1217 1667 1329 1 1593 1394 1957 2030
Norway_009193.jpg,
Norway_009194.jpg,1 314 1913 472 2039 1 1787 1872 1815 1915 1 1240 1165 1291 1209 1 1877 1929 1918 2031
Norway_009195.jpg,
Norway_009196.jpg,
Norway_009197.jpg,4 593 1800 756 1946 2 767 1447 1170 1504 4 520 1791 756 2016
Norway_009198.jpg,
Norway_009199.jpg,1 726 1563 889 1708 3 1554 1246 1695 1549 3 1075 1273 1418 1717 1 1695 1581 1783 1737 1 457 1579 870 2031
Norway_009200.jpg,
Norway_009201.jpg,1 1105 1228 1255 1413 1 1168 1220 1205 1267 1 824 1237 1264 1906 1 977 1098 1140 1253 1 1100 1306 1141 1368
Norway_009202.jpg,
Norway_009203.jpg,
Norway_009204.jpg,1 1648 1395 1825 1719
Norway_009205.jpg,
Norway_009206.jpg,
Norway_009207.jpg,1 1391 1180 1466 1266 1 1192 1335 1308 1507 1 0 1438 575 1714 1 949 1530 1175 2024 1 538 1477 807 1647
Norway_009208.jpg,1 1193 1924 1262 2037 1 1816 1737 1954 1989 1 0 1558 386 1813 1 1593 1246 1713 1409 1 1611 1133 1727 1248
Norway_009209.jpg,
Norway_009210.jpg,
Norway_009211.jpg,
Norway_009212.jpg,1 104 1415 306 1538
Norway_009213.jpg,
Norway_009214.jpg,
Norway_009215.jpg,1 4 1359 989 1799
Norway_009216.jpg,
Norway_009217.jpg,
Norway_009218.jpg,
Norway_009219.jpg,
Norway_009220.jpg,
Norway_009221.jpg,
Norway_009222.jpg,
Norway_009223.jpg,
Norway_009224.jpg,1 1613 1245 1705 1400
Norway_009225.jpg,
Norway_009226.jpg,
Norway_009227.jpg,
Norway_009228.jpg,
Norway_009229.jpg,
Norway_009230.jpg,
Norway_009231.jpg,
Norway_009232.jpg,1 1593 1193 1620 1229 1 1804 1592 1891 1773 1 1061 1310 1175 1385 1 911 1305 1168 1543 1 4 1389 789 1736
Norway_009233.jpg,
Norway_009234.jpg,1 1371 1229 1471 1371
Norway_009235.jpg,1 0 1260 529 1579
Norway_009236.jpg,
Norway_009237.jpg,1 337 1379 1077 1991
Norway_009238.jpg,
Norway_009239.jpg,1 684 1533 1014 2016
Norway_009240.jpg,
Norway_009241.jpg,
Norway_009242.jpg,
Norway_009243.jpg,
Norway_009244.jpg,
Norway_009245.jpg,
Norway_009246.jpg,1 1446 1364 1523 2001 1 1405 1159 1456 1254 1 1486 1898 1557 2039 1 1434 1054 1462 1108 1 1621 1768 1740 2042
Norway_009247.jpg,1 204 1529 339 1584 1 1434 1082 1469 1151 1 1378 1150 1421 1191 1 353 1616 449 1817 1 889 1568 1021 2032
Norway_009248.jpg,2 958 1911 2087 2014 1 0 1554 246 1804
Norway_009249.jpg,1 1141 1098 1267 1162 1 480 1842 658 2039 1 813 1205 1034 1405 1 309 1368 980 1955 1 1611 1399 1711 1549
Norway_009250.jpg,
Norway_009251.jpg,
Norway_009252.jpg,1 744 1091 1183 1321
Norway_009253.jpg,1 206 1306 401 1377 1 1308 1293 1498 1497 1 475 1206 599 1273 1 1433 1695 1513 1805 1 1838 1548 2288 1902
Norway_009254.jpg,1 460 1181 733 1328 1 0 1317 457 1539 1 780 1256 808 1294 2 0 1485 657 1611
Norway_009255.jpg,
Norway_009256.jpg,1 1435 1236 2046 2018
Norway_009257.jpg,
Norway_009258.jpg,1 1062 1269 1145 1359
Norway_009259.jpg,
Norway_009260.jpg,1 686 1581 985 1894
Norway_009261.jpg,
Norway_009262.jpg,2 604 1423 1217 1515
Norway_009263.jpg,1 583 1922 702 2040
Norway_009264.jpg,1 3 1614 438 2026 1 1442 1271 1482 1380
Norway_009265.jpg,
Norway_009266.jpg,
Norway_009267.jpg,1 783 1444 1080 1671 2 1392 1257 1656 1367 1 0 1738 388 1974 1 290 1543 868 1889 1 1863 1441 1915 1539
Norway_009268.jpg,1 1008 1905 1100 2039
Norway_009269.jpg,1 1426 1299 1579 1543
Norway_009270.jpg,
Norway_009271.jpg,
Norway_009272.jpg,
Norway_009273.jpg,
Norway_009274.jpg,1 1246 1293 1304 1383
Norway_009275.jpg,
Norway_009276.jpg,
Norway_009277.jpg,
Norway_009278.jpg,
Norway_009279.jpg,1 1000 1490 1135 1658
Norway_009280.jpg,
Norway_009281.jpg,
Norway_009282.jpg,
Norway_009283.jpg,
Norway_009284.jpg,1 999 1185 1155 1250 1 1168 1167 1197 1197 1 1592 1245 1748 1507 1 1024 1308 1114 1387 1 1609 1269 1861 1611
Norway_009285.jpg,1 1509 1223 1537 1259
Norway_009286.jpg,
Norway_009287.jpg,2 1040 1834 1287 1897
Norway_009288.jpg,
Norway_009289.jpg,
Norway_009290.jpg,
Norway_009291.jpg,
Norway_009292.jpg,3 1243 1163 1564 1303 1 207 1832 240 1893 1 472 1426 615 1505 1 23 1958 79 2001 3 1432 1258 2118 2044
Norway_009293.jpg,
Norway_009294.jpg,
Norway_009295.jpg,
Norway_009296.jpg,1 1523 1410 2001 2022
Norway_009297.jpg,
Norway_009298.jpg,
Norway_009299.jpg,
Norway_009300.jpg,
Norway_009301.jpg,
Norway_009302.jpg,1 1347 1197 1545 1365 1 751 1827 863 1950 1 384 1342 620 1507 1 566 1254 815 1406 1 1462 1277 1859 2013
Norway_009303.jpg,
Norway_009304.jpg,
Norway_009305.jpg,
Norway_009306.jpg,
Norway_009307.jpg,
Norway_009308.jpg,
Norway_009309.jpg,1 255 1660 511 1778 1 1521 1382 1580 1487 1 1467 1368 1503 1414 1 1614 1513 1654 1609 1 1341 1587 1534 1815
Norway_009310.jpg,
Norway_009311.jpg,
Norway_009312.jpg,1 703 1194 956 1320
Norway_009313.jpg,1 1287 1283 1352 1474
Norway_009314.jpg,
Norway_009315.jpg,1 305 1813 512 2020 1 1485 1204 1544 1264
Norway_009316.jpg,
Norway_009317.jpg,
Norway_009318.jpg,1 121 1264 523 1435
Norway_009319.jpg,1 1560 1260 1645 1519
Norway_009320.jpg,1 102 1334 830 1817
Norway_009321.jpg,
Norway_009322.jpg,
Norway_009323.jpg,1 825 1479 890 1542 1 1585 1635 1640 1678 1 989 1533 1079 1625 1 821 1220 1066 1356 1 1114 1473 1161 1539
Norway_009324.jpg,
Norway_009325.jpg,
Norway_009326.jpg,
Norway_009327.jpg,
Norway_009328.jpg,
Norway_009329.jpg,
Norway_009330.jpg,1 1560 1265 1614 1407
Norway_009331.jpg,1 103 1298 662 1497 1 128 1501 473 1688
Norway_009332.jpg,
Norway_009333.jpg,
Norway_009334.jpg,
Norway_009335.jpg,1 0 1303 801 1666
Norway_009336.jpg,
Norway_009337.jpg,
Norway_009338.jpg,
Norway_009339.jpg,
Norway_009340.jpg,1 1193 1360 1252 1404 1 540 1711 870 2032 1 1639 1246 1688 1341 1 758 1788 912 2031 1 748 1909 815 2029
Norway_009341.jpg,
Norway_009342.jpg,
Norway_009343.jpg,
Norway_009344.jpg,
Norway_009345.jpg,
Norway_009346.jpg,
Norway_009347.jpg,
Norway_009348.jpg,1 691 1188 900 1268
Norway_009349.jpg,
Norway_009350.jpg,2 1440 1301 1639 1326 1 1447 1331 1490 1418 1 1440 1330 1529 1431 1 1359 1476 1417 1574
Norway_009351.jpg,
Norway_009352.jpg,
Norway_009353.jpg,2 728 1936 978 2030 1 2603 1851 2806 2021 1 1652 1662 1781 2023
Norway_009354.jpg,
Norway_009355.jpg,2 1123 1504 1846 1610
Norway_009356.jpg,
Norway_009357.jpg,
Norway_009358.jpg,1 1530 1444 1695 2038 3 1195 1311 1714 2019 1 543 1225 818 1349 3 1216 1319 1536 1671 1 0 1469 335 1686
Norway_009359.jpg,
Norway_009360.jpg,
Norway_009361.jpg,1 1183 1863 1257 2039
Norway_009362.jpg,1 0 1266 529 1546
Norway_009363.jpg,2 171 1598 866 1699
Norway_009364.jpg,
Norway_009365.jpg,
Norway_009366.jpg,
Norway_009367.jpg,
Norway_009368.jpg,
Norway_009369.jpg,1 854 1263 1116 1405 1 1445 1389 1547 1678 1 955 1614 1172 2040
Norway_009370.jpg,
Norway_009371.jpg,
Norway_009372.jpg,3 271 1086 400 1261 1 1594 1388 1856 2027
Norway_009373.jpg,1 1481 1188 1559 1430 1 1433 1255 1463 1282 3 1477 1185 1554 1365 1 1654 1873 1701 2017 1 1507 1493 1584 1868
Norway_009374.jpg,1 1488 1236 1600 1436 1 1518 1340 1771 2008
Norway_009375.jpg,1 1508 1239 2045 2013
Norway_009376.jpg,1 1082 1427 1297 2011 1 1830 1543 1979 1871 1 1197 1361 1293 1420 2 1492 1334 1655 1375 1 1274 1108 1443 1219
Norway_009377.jpg,
Norway_009378.jpg,
Norway_009379.jpg,
Norway_009380.jpg,1 875 1479 942 1551 1 533 2002 556 2040 1 743 1631 844 1708 1 653 1952 680 2024 1 587 1878 622 1959
Norway_009381.jpg,
Norway_009382.jpg,
Norway_009383.jpg,1 1402 1352 1534 2029 1 1484 1254 1545 1393
Norway_009384.jpg,
Norway_009385.jpg,
Norway_009386.jpg,1 585 1808 763 2029
Norway_009387.jpg,
Norway_009388.jpg,
Norway_009389.jpg,
Norway_009390.jpg,1 692 1398 801 1565 1 31 1541 206 1660
Norway_009391.jpg,
Norway_009392.jpg,
Norway_009393.jpg,
Norway_009394.jpg,
Norway_009395.jpg,
Norway_009396.jpg,
Norway_009397.jpg,
Norway_009398.jpg,
Norway_009399.jpg,
Norway_009400.jpg,4 578 1489 647 1531
Norway_009401.jpg,1 1477 1155 1512 1204 1 1547 1277 1579 1320 1 1587 1556 1610 1613 1 1551 1607 1592 1696 1 1438 1419 1534 1467
Norway_009402.jpg,
Norway_009403.jpg,
Norway_009404.jpg,
Norway_009405.jpg,
Norway_009406.jpg,
Norway_009407.jpg,1 260 1407 566 1539
Norway_009408.jpg,1 315 1864 546 2033 1 428 1401 1113 1957
Norway_009409.jpg,
Norway_009410.jpg,1 1931 1750 2156 2030
Norway_009411.jpg,1 1425 1306 1459 1348 1 1468 1150 1520 1264 1 1591 1422 1631 1487 1 1526 1758 1635 2032 1 1 1446 522 1799
Norway_009412.jpg,1 1542 1327 1639 1561
Norway_009413.jpg,
Norway_009414.jpg,
Norway_009415.jpg,
Norway_009416.jpg,
Norway_009417.jpg,1 720 1548 826 1667 1 224 1866 385 2002
Norway_009418.jpg,
Norway_009419.jpg,
Norway_009420.jpg,1 1296 1494 1568 2028 1 1007 1150 1044 1190 1 1313 1754 1399 2035 1 1357 1490 1475 1659 1 1525 1438 1560 1499
Norway_009421.jpg,2 872 1771 1220 1829
Norway_009422.jpg,1 1974 1824 2096 2029 1 1622 1338 1931 1776 1 1617 1342 2086 2022
Norway_009423.jpg,1 1443 1255 1482 1319
Norway_009424.jpg,1 1333 1187 1387 1284 1 1340 1315 1473 1492 1 473 1634 601 1779 1 746 1375 965 1555 2 957 1352 1259 1403
Norway_009425.jpg,2 1220 1488 1449 1523 3 1436 1148 1561 1365 3 1411 1398 1754 1838
Norway_009426.jpg,1 1646 1809 1736 2038
Norway_009427.jpg,
Norway_009428.jpg,
Norway_009429.jpg,1 519 1263 994 1539
Norway_009430.jpg,
Norway_009431.jpg,
Norway_009432.jpg,
Norway_009433.jpg,1 1600 1180 1709 1292 1 1505 1310 1595 1504
Norway_009434.jpg,1 1618 1236 1748 1579 1 1602 1763 1711 2036
Norway_009435.jpg,1 1 1604 363 1871
Norway_009436.jpg,
Norway_009437.jpg,
Norway_009438.jpg,1 1488 1755 1560 1943
Norway_009439.jpg,1 998 1367 1073 1467 1 1191 1314 1260 1463 1 1205 1142 1347 1435 1 1148 1085 1207 1252 1 1080 1078 1115 1129
Norway_009440.jpg,
Norway_009441.jpg,1 0 1169 558 1523
Norway_009442.jpg,1 1651 1227 1711 1295
Norway_009443.jpg,1 19 1561 223 1645
Norway_009444.jpg,
Norway_009445.jpg,
Norway_009446.jpg,
Norway_009447.jpg,1 353 1349 684 1495 1 651 1914 746 2023 1 1701 1519 1780 1628 1 0 1523 242 1699 1 1641 1248 1788 1464
Norway_009448.jpg,
Norway_009449.jpg,1 2 1709 336 1997
Norway_009450.jpg,
Norway_009451.jpg,
Norway_009452.jpg,
Norway_009453.jpg,
Norway_009454.jpg,
Norway_009455.jpg,1 6 1371 511 1580 1 1508 1328 1617 1524 1 1562 1655 1711 2034
Norway_009456.jpg,1 1090 1269 1125 1314 1 973 1420 1141 2023
Norway_009457.jpg,
Norway_009458.jpg,
Norway_009459.jpg,1 1688 1532 2046 2012
Norway_009460.jpg,
Norway_009461.jpg,
Norway_009462.jpg,
Norway_009463.jpg,
Norway_009464.jpg,
Norway_009465.jpg,1 1497 1105 1530 1135 3 1551 1644 1747 2043 1 1510 1264 1586 1635 1 940 1185 1088 1289 1 1492 1215 1543 1303
Norway_009466.jpg,
Norway_009467.jpg,
Norway_009468.jpg,
Norway_009469.jpg,
Norway_009470.jpg,2 438 1444 695 1484 1 1168 1138 1300 1201
Norway_009471.jpg,2 18 1607 563 1694 1 1263 1755 1425 2016 1 1384 1880 1445 2020 1 1269 1763 1342 1934 1 629 1648 921 1995
Norway_009472.jpg,
Norway_009473.jpg,1 39 1156 1118 1631 1 1992 1571 2046 1656 1 2108 1636 2516 2032
Norway_009474.jpg,1 920 1568 1163 2035 1 1660 1394 1761 1616 1 1693 1466 1761 1622 1 1758 1878 1863 2041
Norway_009475.jpg,
Norway_009476.jpg,
Norway_009477.jpg,
Norway_009478.jpg,
Norway_009479.jpg,
Norway_009480.jpg,
Norway_009481.jpg,1 1432 1196 1552 1423
Norway_009482.jpg,1 1850 1584 2255 1953
Norway_009483.jpg,
Norway_009484.jpg,1 1588 1318 1661 1469 1 1655 1931 1730 2038 1 856 1482 994 1589 1 1511 1204 1667 1473
Norway_009485.jpg,
Norway_009486.jpg,3 1518 1470 1880 2034
Norway_009487.jpg,1 282 1376 563 1513
Norway_009488.jpg,
Norway_009489.jpg,
Norway_009490.jpg,
Norway_009491.jpg,
Norway_009492.jpg,1 794 1278 1033 1423 1 159 1422 754 1759
Norway_009493.jpg,
Norway_009494.jpg,1 1362 1823 1435 2032 3 1360 1289 1749 2026 1 0 1274 814 1704
Norway_009495.jpg,
Norway_009496.jpg,
Norway_009497.jpg,
Norway_009498.jpg,
Norway_009499.jpg,1 2069 1619 2442 1852
Norway_009500.jpg,
Norway_009501.jpg,1 280 1362 1025 2012
Norway_009502.jpg,
Norway_009503.jpg,
Norway_009504.jpg,
Norway_009505.jpg,
Norway_009506.jpg,2 1495 1567 1755 1619 3 1285 1340 1692 2031 1 468 1766 664 1962 2 1041 1745 1390 1796
Norway_009507.jpg,1 3874 879 3933 1137
Norway_009508.jpg,2 0 1774 725 1876 1 1231 1231 1281 1304 1 1013 1322 1174 1501 1 1468 1410 1548 1570
Norway_009509.jpg,1 1501 1882 1555 2033 1 1489 1614 1624 2036 1 1467 1442 1522 1571 1 1539 1287 1614 1472
Norway_009510.jpg,
Norway_009511.jpg,1 1638 1618 1675 1685 1 976 1341 1185 1494
Norway_009512.jpg,
Norway_009513.jpg,1 1933 1772 2034 1971 2 1807 1966 2003 2033 1 1838 1573 2008 1772
Norway_009514.jpg,
Norway_009515.jpg,1 559 1254 950 1475 1 4 1350 797 1770 1 1304 1770 1496 2031 1 599 1411 811 1569
Norway_009516.jpg,
Norway_009517.jpg,
Norway_009518.jpg,
Norway_009519.jpg,
Norway_009520.jpg,
Norway_009521.jpg,
Norway_009522.jpg,1 1587 1984 1617 2044 1 1442 1110 1504 1146 1 1690 1930 1725 1982 1 1742 1982 1784 2043
Norway_009523.jpg,1 1538 1289 1611 1417
Norway_009524.jpg,
Norway_009525.jpg,
Norway_009526.jpg,
Norway_009527.jpg,
Norway_009528.jpg,1 1427 1617 1633 1942 1 1387 1318 1629 1976 1 1398 1275 1494 1563 1 1436 1915 1513 2038
Norway_009529.jpg,2 1229 1430 1495 1540 1 1850 1933 1960 2034 3 1460 1249 1709 1562 1 476 1528 528 1563 2 720 1455 1207 1605
Norway_009530.jpg,1 1439 1708 1665 2023 3 1440 1704 1674 2039 1 1459 1162 1524 1389
Norway_009531.jpg,
Norway_009532.jpg,1 1618 1298 1715 1386
Norway_009533.jpg,1 1167 1428 1261 1639 1 1111 1432 1265 1901 1 1453 1323 1547 1603
Norway_009534.jpg,
Norway_009535.jpg,
Norway_009536.jpg,
Norway_009537.jpg,
Norway_009538.jpg,
Norway_009539.jpg,1 272 1454 661 1643 3 1405 1129 1592 1317 1 3 1539 435 1804 1 621 1332 872 1453 1 733 1333 873 1408
Norway_009540.jpg,
Norway_009541.jpg,
Norway_009542.jpg,1 1720 1638 1930 2018 1 1515 1157 1623 1398 1 1530 1253 1959 2022
Norway_009543.jpg,
Norway_009544.jpg,
Norway_009545.jpg,
Norway_009546.jpg,
Norway_009547.jpg,1 924 1135 960 1180 2 1215 1882 1435 1916 1 681 1274 740 1310 2 163 1493 582 1562 1 239 1381 457 1486
Norway_009548.jpg,1 1360 1123 1416 1206 1 1402 1691 1571 2028 1 1478 1200 1547 1315 1 1325 1237 1388 1314 1 1377 1438 1576 1907
Norway_009549.jpg,1 705 1489 736 1546 1 274 1596 430 1685 1 478 1557 664 1690
Norway_009550.jpg,
Norway_009551.jpg,
Norway_009552.jpg,
Norway_009553.jpg,1 1341 1211 1500 1415
Norway_009554.jpg,4 3666 1925 3804 2009
Norway_009555.jpg,
Norway_009556.jpg,
Norway_009557.jpg,
Norway_009558.jpg,
Norway_009559.jpg,1 723 1349 812 1460
Norway_009560.jpg,
Norway_009561.jpg,1 1302 1342 1365 1384 1 1551 1230 1577 1284 1 1352 1283 1388 1362 1 1598 1307 1658 1379 1 1358 1357 1492 1505
Norway_009562.jpg,
Norway_009563.jpg,
Norway_009564.jpg,
Norway_009565.jpg,
Norway_009566.jpg,1 737 1693 977 2017 1 1605 1267 2021 2041
Norway_009567.jpg,1 1965 1459 2347 1765 1 869 1117 1322 1313 1 1297 1109 1488 1226
Norway_009568.jpg,1 1954 1807 2105 2035 1 1966 1619 2105 1759 1 1736 1806 1837 2035 3 1521 1270 2084 2024 1 1489 1413 1561 1545
Norway_009569.jpg,1 576 1272 830 1411
Norway_009570.jpg,
Norway_009571.jpg,
Norway_009572.jpg,3 1167 1309 1485 1579
Norway_009573.jpg,
Norway_009574.jpg,1 485 1350 1189 1967
Norway_009575.jpg,1 659 1250 854 1365
Norway_009576.jpg,1 1746 1616 1871 1694 1 971 1280 1003 1317 1 1399 1285 1543 1568 1 1440 1205 1658 1395 1 841 1682 1053 2029
Norway_009577.jpg,
Norway_009578.jpg,
Norway_009579.jpg,
Norway_009580.jpg,
Norway_009581.jpg,1 2560 1915 2742 2019
Norway_009582.jpg,
Norway_009583.jpg,
Norway_009584.jpg,1 1813 1663 2023 2035 1 1435 1305 1457 1337 1 1442 1699 1664 2024 1 1584 1824 1660 2031 1 975 1293 1114 1401
Norway_009585.jpg,1 475 1355 639 1436 1 41 1332 711 1670 1 465 1268 892 1482
Norway_009586.jpg,1 1481 1428 1799 1899
Norway_009587.jpg,
Norway_009588.jpg,
Norway_009589.jpg,1 1565 1281 1609 1378 1 1564 1273 1653 1474
Norway_009590.jpg,
Norway_009591.jpg,
Norway_009592.jpg,
Norway_009593.jpg,1 0 1647 208 1868 4 1413 1861 1599 2015 1 1040 1355 1084 1444
Norway_009594.jpg,2 1326 1367 1482 1393
Norway_009595.jpg,
Norway_009596.jpg,1 1743 1216 1778 1275 1 16 1682 539 2024 1 1833 1269 1909 1555
Norway_009597.jpg,
Norway_009598.jpg,1 0 1439 317 1706 1 1203 1152 1293 1251 1 0 1355 845 1944 2 1 1898 357 2031 1 1110 1248 1233 1592
Norway_009599.jpg,
Norway_009600.jpg,1 319 1371 831 2025
Norway_009601.jpg,
Norway_009602.jpg,
Norway_009603.jpg,
Norway_009604.jpg,1 1622 1218 1688 1333
Norway_009605.jpg,
Norway_009606.jpg,1 830 1152 1040 1265
Norway_009607.jpg,1 1147 1236 1308 1502 1 1154 1394 1205 1497 1 1571 1753 1702 2039 1 1410 1114 1634 1411 1 586 1623 884 1973
Norway_009608.jpg,
Norway_009609.jpg,
Norway_009610.jpg,
Norway_009611.jpg,
Norway_009612.jpg,
Norway_009613.jpg,
Norway_009614.jpg,
Norway_009615.jpg,2 1447 1270 1541 1319 1 1447 1267 1537 1320 1 1262 1325 1329 1403 1 1185 1209 1243 1270 1 5 1367 594 1650
Norway_009616.jpg,
Norway_009617.jpg,
Norway_009618.jpg,
Norway_009619.jpg,
Norway_009620.jpg,
Norway_009621.jpg,
Norway_009622.jpg,
Norway_009623.jpg,
Norway_009624.jpg,2 1158 1843 1506 1931
Norway_009625.jpg,1 776 1499 980 1706 1 441 1981 486 2042 2 4 1736 549 1960 1 537 1822 682 1963 1 506 1568 766 1728
Norway_009626.jpg,
Norway_009627.jpg,
Norway_009628.jpg,1 752 1375 818 1431 1 9 1454 640 1889
Norway_009629.jpg,
Norway_009630.jpg,
Norway_009631.jpg,
Norway_009632.jpg,
Norway_009633.jpg,
Norway_009634.jpg,
Norway_009635.jpg,
Norway_009636.jpg,
Norway_009637.jpg,
Norway_009638.jpg,
Norway_009639.jpg,
Norway_009640.jpg,1 576 1333 1155 2025 1 266 1871 436 2032
Norway_009641.jpg,1 1384 1104 1452 1206 1 1242 1359 1285 1389 1 1246 1304 1310 1357 1 1672 1425 1725 1466 1 1507 1198 1574 1391
Norway_009642.jpg,1 1081 1217 1114 1247 1 528 1504 1067 2034 1 526 1745 839 2035
Norway_009643.jpg,
Norway_009644.jpg,1 1242 1181 1326 1285 1 1144 1189 1180 1234
Norway_009645.jpg,
Norway_009646.jpg,
Norway_009647.jpg,
Norway_009648.jpg,
Norway_009649.jpg,1 1616 1882 1693 2035 1 1706 1711 1811 1900
Norway_009650.jpg,1 1210 1088 1300 1204 1 1400 1262 1899 2034
Norway_009651.jpg,1 1491 1176 1526 1214 1 1354 1181 1403 1262 1 1554 1189 1615 1292
Norway_009652.jpg,
Norway_009653.jpg,1 0 1274 861 1680
Norway_009654.jpg,
Norway_009655.jpg,
Norway_009656.jpg,
Norway_009657.jpg,2 2936 1570 3176 1650
Norway_009658.jpg,
Norway_009659.jpg,
Norway_009660.jpg,1 1005 1498 1190 1750 1 1996 1570 2091 1689 1 913 1509 1174 1985 1 1192 1219 1449 1399 2 607 1500 806 1561
Norway_009661.jpg,1 1308 1818 1388 2031 1 268 1589 414 1682
Norway_009662.jpg,
Norway_009663.jpg,
Norway_009664.jpg,
Norway_009665.jpg,
Norway_009666.jpg,1 1482 1050 1505 1094 1 1413 1043 1474 1156 1 1400 1355 1476 2005 2 1814 1942 2179 2021 1 920 1412 988 1468
Norway_009667.jpg,
Norway_009668.jpg,1 1665 1520 1713 1636
Norway_009669.jpg,
Norway_009670.jpg,1 383 1462 541 1552 1 85 1456 538 1687 1 1799 1466 2280 1992 1 1467 1273 1593 1477
Norway_009671.jpg,
Norway_009672.jpg,
Norway_009673.jpg,
Norway_009674.jpg,
Norway_009675.jpg,
Norway_009676.jpg,
Norway_009677.jpg,
Norway_009678.jpg,
Norway_009679.jpg,3 2217 1651 2607 2032
Norway_009680.jpg,
Norway_009681.jpg,
Norway_009682.jpg,
Norway_009683.jpg,
Norway_009684.jpg,1 1189 1151 1301 1234 1 1186 1184 1252 1235 1 1233 1217 1419 1336 1 975 1316 1169 1499
Norway_009685.jpg,1 334 1233 589 1360 4 1402 1554 1499 1600
Norway_009686.jpg,
Norway_009687.jpg,
Norway_009688.jpg,
Norway_009689.jpg,1 2 1666 284 2038 1 200 1308 853 1686 1 1096 1214 1224 1346
Norway_009690.jpg,
Norway_009691.jpg,
Norway_009692.jpg,
Norway_009693.jpg,
Norway_009694.jpg,
Norway_009695.jpg,
Norway_009696.jpg,
Norway_009697.jpg,1 1125 1384 1155 1429 1 1199 1486 1260 1729
Norway_009698.jpg,
Norway_009699.jpg,
Norway_009700.jpg,
Norway_009701.jpg,1 479 1524 796 2039 1 1473 1721 1528 1855 1 1138 1674 1205 1830 1 474 1800 644 2036 1 537 1549 800 1833
Norway_009702.jpg,
Norway_009703.jpg,1 2100 919 2176 996
Norway_009704.jpg,
Norway_009705.jpg,1 1380 1245 1920 2035
Norway_009706.jpg,
Norway_009707.jpg,
Norway_009708.jpg,
Norway_009709.jpg,
Norway_009710.jpg,
Norway_009711.jpg,
Norway_009712.jpg,2 1058 1804 1610 1893 1 1368 1148 1444 1222 1 1521 1483 1733 1846
Norway_009713.jpg,
Norway_009714.jpg,
Norway_009715.jpg,
Norway_009716.jpg,
Norway_009717.jpg,
Norway_009718.jpg,3 0 1345 485 1979
Norway_009719.jpg,
Norway_009720.jpg,
Norway_009721.jpg,
Norway_009722.jpg,
Norway_009723.jpg,1 173 1382 350 1468
Norway_009724.jpg,1 2245 1719 2306 1773
Norway_009725.jpg,1 577 1679 733 1830 1 585 1418 1006 2041 1 694 1822 993 2038 1 331 1956 449 2035 1 583 1431 831 1838
Norway_009726.jpg,1 0 1406 245 1660
Norway_009727.jpg,
Norway_009728.jpg,1 1085 1216 1169 1300 1 927 1386 1014 1461
Norway_009729.jpg,
Norway_009730.jpg,1 221 1824 435 2031
Norway_009731.jpg,
Norway_009732.jpg,1 1868 1423 2502 2011 1 219 1524 384 1576 1 1 1764 103 1869 2 21 1710 415 1759 1 1018 1202 1243 1393
Norway_009733.jpg,1 1568 1312 1820 1639 1 1550 1279 2112 2007
Norway_009734.jpg,
Norway_009735.jpg,4 855 1365 955 1417 1 124 1686 504 1990
Norway_009736.jpg,
Norway_009737.jpg,1 1404 1137 1429 1171 1 545 1340 953 1511 2 395 1568 550 1659 1 3 1665 550 1966 1 8 1581 419 1769
Norway_009738.jpg,1 1631 1428 1686 1505 1 1573 1417 1673 1744
Norway_009739.jpg,
Norway_009740.jpg,
Norway_009741.jpg,1 14 1275 843 1685
Norway_009742.jpg,
Norway_009743.jpg,
Norway_009744.jpg,
Norway_009745.jpg,1 1283 1377 1373 1566
Norway_009746.jpg,1 1182 1285 1217 1355 1 1136 1389 1269 1848
Norway_009747.jpg,1 1536 1382 1576 1423 1 1542 1385 1594 1435 1 1918 1625 2160 1885 1 1430 1154 1468 1233 1 229 1858 431 1981
Norway_009748.jpg,
Norway_009749.jpg,
Norway_009750.jpg,
Norway_009751.jpg,
Norway_009752.jpg,1 1629 1229 2138 1693 1 2149 1764 2451 2034
Norway_009753.jpg,
Norway_009754.jpg,1 1306 1180 1813 2030
Norway_009755.jpg,3 13 1281 936 1656 2 17 1784 466 1853 1 1010 1328 1125 1447 3 307 1469 999 2034
Norway_009756.jpg,1 274 1374 424 1454 1 1082 1179 1133 1389 1 162 1367 425 1502
Norway_009757.jpg,1 18 1792 148 1863 1 1185 1623 1268 1732 1 298 1791 598 2032 1 638 1455 943 1747 1 1116 1468 1199 1608
Norway_009758.jpg,
Norway_009759.jpg,
Norway_009760.jpg,1 606 1341 745 1482
Norway_009761.jpg,
Norway_009762.jpg,
Norway_009763.jpg,1 1075 1062 1156 1141
Norway_009764.jpg,1 602 1248 894 1599
Norway_009765.jpg,
Norway_009766.jpg,
Norway_009767.jpg,
Norway_009768.jpg,
Norway_009769.jpg,1 1012 1308 1148 1444
Norway_009770.jpg,
Norway_009771.jpg,
Norway_009772.jpg,1 0 1493 641 1845
Norway_009773.jpg,1 476 1559 685 1680 1 894 1408 977 1513 1 1690 1363 1768 1532
Norway_009774.jpg,
Norway_009775.jpg,2 1420 1456 1571 1493 1 1233 1941 1281 2039 1 1309 1114 1481 1214 1 1816 1444 1849 1481 1 1414 1474 1457 1569
Norway_009776.jpg,2 370 1540 574 1573 1 966 1183 1065 1233 1 483 1559 579 1620 1 965 1195 1014 1235 1 1313 1985 1375 2037
Norway_009777.jpg,
Norway_009778.jpg,1 1321 1226 1383 1295 1 868 1412 938 1480 1 285 1379 627 1549 1 638 1341 792 1416 3 1391 1155 1554 1288
Norway_009779.jpg,
Norway_009780.jpg,
Norway_009781.jpg,
Norway_009782.jpg,1 322 1348 351 1395 1 672 1413 827 1611
Norway_009783.jpg,1 232 1478 934 2029 1 1716 1261 2159 2013 1 1658 1240 1726 1326 2 1345 1591 1707 1641
Norway_009784.jpg,
Norway_009785.jpg,
Norway_009786.jpg,4 810 1668 876 1711 4 946 1546 1015 1592
Norway_009787.jpg,1 1340 1191 1378 1226 1 1344 1238 1414 1297 1 899 1581 981 1657 1 1457 1137 1519 1211 1 1090 1331 1184 1403
Norway_009788.jpg,1 338 1810 598 2017 1 892 1389 1171 1613
Norway_009789.jpg,
Norway_009790.jpg,
Norway_009791.jpg,
Norway_009792.jpg,
Norway_009793.jpg,
Norway_009794.jpg,
Norway_009795.jpg,
Norway_009796.jpg,
Norway_009797.jpg,
Norway_009798.jpg,
Norway_009799.jpg,
Norway_009800.jpg,1 129 1581 290 1662 1 38 1386 658 1612 2 1 1931 359 1998 1 450 1464 624 1565 1 419 1263 922 1531
Norway_009801.jpg,2 487 1573 1616 1734 1 1497 1374 1628 1727 1 1618 1770 1708 1955 1 1405 1732 1476 1978 1 1432 1264 1536 1456
Norway_009802.jpg,
Norway_009803.jpg,
Norway_009804.jpg,
Norway_009805.jpg,
Norway_009806.jpg,
Norway_009807.jpg,
Norway_009808.jpg,
Norway_009809.jpg,
Norway_009810.jpg,2 1086 1347 1369 1456 1 10 1478 950 1821 1 1333 1205 1443 1319 1 1325 1305 1476 1588 1 1342 1536 1463 2028
Norway_009811.jpg,
Norway_009812.jpg,1 590 1171 1081 1491
Norway_009813.jpg,1 0 1575 195 1790
Norway_009814.jpg,
Norway_009815.jpg,
Norway_009816.jpg,
Norway_009817.jpg,
Norway_009818.jpg,1 1488 1199 2082 2034
Norway_009819.jpg,
Norway_009820.jpg,
Norway_009821.jpg,
Norway_009822.jpg,
Norway_009823.jpg,1 734 1187 940 1294
Norway_009824.jpg,1 648 1470 1123 1866 1 881 1420 1137 1614
Norway_009825.jpg,
Norway_009826.jpg,1 1542 1709 1662 1864 1 1494 1457 1663 1880
Norway_009827.jpg,
Norway_009828.jpg,1 1142 1842 1218 1998 1 2 1563 129 1665
Norway_009829.jpg,1 1533 1233 1608 1537 1 1623 1480 1748 2026
Norway_009830.jpg,
Norway_009831.jpg,
Norway_009832.jpg,4 1335 1672 1382 1730 4 1345 1438 1388 1492 1 636 1299 871 1448 4 1205 1333 1248 1374 4 1213 1416 1248 1464
Norway_009833.jpg,
Norway_009834.jpg,
Norway_009835.jpg,
Norway_009836.jpg,
Norway_009837.jpg,
Norway_009838.jpg,
Norway_009839.jpg,
Norway_009840.jpg,1 2665 482 2889 710
Norway_009841.jpg,
Norway_009842.jpg,1 18 1255 947 1676 1 1566 1800 1760 1972 1 660 1289 862 1410 1 1540 1314 1645 1448 1 0 1395 633 1723
Norway_009843.jpg,
Norway_009844.jpg,4 727 1353 852 1439
Norway_009845.jpg,
Norway_009846.jpg,
Norway_009847.jpg,
Norway_009848.jpg,
Norway_009849.jpg,
Norway_009850.jpg,
Norway_009851.jpg,1 1551 1307 1581 1340 1 1731 1548 1777 1670 1 1637 1385 1687 1551 1 1551 1161 1610 1294 1 1729 1646 1863 1987
Norway_009852.jpg,
Norway_009853.jpg,
Norway_009854.jpg,1 1353 1196 1960 2024
Norway_009855.jpg,
Norway_009856.jpg,
Norway_009857.jpg,1 1540 1357 1701 1431 1 670 1390 1177 1842 1 866 1404 1164 1668 2 1044 1770 1507 1889
Norway_009858.jpg,
Norway_009859.jpg,
Norway_009860.jpg,1 1377 1207 1401 1241 3 1185 1118 1255 1204
Norway_009861.jpg,
Norway_009862.jpg,
Norway_009863.jpg,
Norway_009864.jpg,
Norway_009865.jpg,
Norway_009866.jpg,1 533 1473 629 1544
Norway_009867.jpg,
Norway_009868.jpg,1 483 1530 713 1680
Norway_009869.jpg,1 969 1118 1423 1447 1 714 1548 877 1676
Norway_009870.jpg,
Norway_009871.jpg,
Norway_009872.jpg,
Norway_009873.jpg,4 903 1490 956 1525 4 787 1574 863 1627 1 1253 1168 1282 1210
Norway_009874.jpg,
Norway_009875.jpg,
Norway_009876.jpg,1 1032 1395 1140 1499 1 922 1522 1005 1603 1 930 1391 1145 1601 1 0 1512 549 1818 1 1750 1942 1832 2034
Norway_009877.jpg,
Norway_009878.jpg,2 1358 1522 1522 1602 1 1231 1861 1301 2036
Norway_009879.jpg,1 558 1172 1173 1662 1 61 1236 1140 1980 1 653 1194 981 1338 1 1202 1216 1293 1342
Norway_009880.jpg,1 1427 1105 1473 1185 1 26 1343 946 1977
Norway_009881.jpg,1 1185 1048 1273 1147
Norway_009882.jpg,
Norway_009883.jpg,1 575 1299 838 1429 1 900 1378 1082 1574 1 912 1204 1054 1293 1 991 1130 1348 1390 1 627 1260 930 1391
Norway_009884.jpg,1 0 1298 781 1650
Norway_009885.jpg,
Norway_009886.jpg,
Norway_009887.jpg,1 1773 1708 1845 1825 3 1784 1083 1914 1160 1 1296 1281 1536 1501 1 1908 1562 2051 1890 1 1858 1232 1901 1331
Norway_009888.jpg,
Norway_009889.jpg,
Norway_009890.jpg,3 1508 1303 1889 2019 1 773 1254 1078 1429 1 1373 1340 1476 2005 1 771 1326 956 1431 1 1209 1203 1411 1464
Norway_009891.jpg,
Norway_009892.jpg,1 1232 1032 1268 1117 1 1452 1663 1685 2020
Norway_009893.jpg,1 2007 1657 2375 1905
Norway_009894.jpg,
Norway_009895.jpg,1 399 1391 1025 2002 1 1067 1764 1220 2035 1 1116 1285 1425 2043 1 1191 1448 1235 1524
Norway_009896.jpg,
Norway_009897.jpg,1 87 1307 842 1671
Norway_009898.jpg,
Norway_009899.jpg,2 946 1538 1230 1586
Norway_009900.jpg,
Norway_009901.jpg,
Norway_009902.jpg,
Norway_009903.jpg,2 1394 1685 2091 1941
Norway_009904.jpg,
Norway_009905.jpg,2 5 1880 151 1928 1 319 1745 557 2027 1 48 1314 945 1901 1 1238 1142 1531 1306 1 1217 1298 1367 1457
Norway_009906.jpg,1 687 1567 1060 2017
Norway_009907.jpg,1 643 1586 864 1662 1 1097 1364 1181 1474 1 1057 1450 1168 1605 2 643 1583 865 1658 4 1045 1476 1163 1609
Norway_009908.jpg,3 1479 1336 1714 1742 1 211 1521 838 2029
Norway_009909.jpg,
Norway_009910.jpg,
Norway_009911.jpg,1 0 1498 370 1738 1 217 1308 904 1751
Norway_009912.jpg,
Norway_009913.jpg,2 1533 1307 1644 1334 4 1665 1248 1735 1281 1 1507 1335 1554 1428 3 1446 1590 2079 2043
Norway_009914.jpg,
Norway_009915.jpg,
Norway_009916.jpg,
Norway_009917.jpg,1 1236 1108 1358 1211 1 1604 1376 1624 1406 2 1379 1503 1565 1584 1 759 1461 1009 1681 1 421 1711 766 2029
Norway_009918.jpg,
Norway_009919.jpg,1 1366 1385 1468 1528 1 1613 1762 1696 2035
Norway_009920.jpg,
Norway_009921.jpg,
Norway_009922.jpg,
Norway_009923.jpg,
Norway_009924.jpg,1 1416 1133 1484 1168
Norway_009925.jpg,1 1289 1201 1359 1290 1 1174 1276 1246 1403 1 1350 1333 1407 1407 1 1496 1754 1589 1882 1 1265 1497 1329 1670
Norway_009926.jpg,
Norway_009927.jpg,
Norway_009928.jpg,
Norway_009929.jpg,1 1759 1797 1822 1982
Norway_009930.jpg,1 995 1248 1080 1318 1 791 1335 968 1456 1 419 1223 914 1463
Norway_009931.jpg,1 1412 1300 1632 1613
Norway_009932.jpg,1 1 1383 728 1815 1 561 1406 701 1513 1 0 1517 450 1919 1 789 1512 965 1732
Norway_009933.jpg,1 1570 1201 1605 1258 1 1753 1523 2124 2034 1 2015 1891 2142 2043
Norway_009934.jpg,
Norway_009935.jpg,
Norway_009936.jpg,
Norway_009937.jpg,
Norway_009938.jpg,
Norway_009939.jpg,
Norway_009940.jpg,
Norway_009941.jpg,2 1758 1860 1916 1895 1 592 1394 910 1577 1 595 1218 1124 1588 1 1642 1310 1904 1615 1 1375 1225 1514 1604
Norway_009942.jpg,1 1625 1587 1884 1975 1 1615 1423 1674 1493 1 1718 1891 1792 2036
Norway_009943.jpg,
Norway_009944.jpg,
Norway_009945.jpg,
Norway_009946.jpg,1 62 1240 975 1978
Norway_009947.jpg,
Norway_009948.jpg,
Norway_009949.jpg,
Norway_009950.jpg,3 1498 1176 1603 1358 1 1498 1174 1599 1358 3 1538 1430 1715 1645
Norway_009951.jpg,1 1087 1074 1145 1118 1 1219 1200 1337 1313
Norway_009952.jpg,1 1916 1465 2587 2041
Norway_009953.jpg,1 8 1261 817 1693
Norway_009954.jpg,
Norway_009955.jpg,
Norway_009956.jpg,
Norway_009957.jpg,
Norway_009958.jpg,1 1513 1213 1559 1310
Norway_009959.jpg,
Norway_009960.jpg,1 957 1526 1010 1576 1 1030 1268 1325 1506
Norway_009961.jpg,
Norway_009962.jpg,1 0 1516 554 1747
Norway_009963.jpg,1 1539 1129 1575 1210 1 584 1284 897 1434 3 715 1354 1351 2023 1 1696 1654 1741 1769 3 1428 1433 1774 2016
Norway_009964.jpg,
Norway_009965.jpg,
Norway_009966.jpg,1 630 1366 790 1578 1 1268 1442 1363 1731 1 1362 1803 1455 2031 1 1283 1448 1464 2035 2 798 1726 1290 1804
Norway_009967.jpg,
Norway_009968.jpg,
Norway_009969.jpg,
Norway_009970.jpg,
Norway_009971.jpg,
Norway_009972.jpg,
Norway_009973.jpg,1 1842 1777 2000 2037
Norway_009974.jpg,1 1120 1262 1179 1312 1 626 1676 684 1842 3 1391 1236 1599 1390
Norway_009975.jpg,
Norway_009976.jpg,1 1304 1132 1362 1203 1 1164 1146 1211 1264
Norway_009977.jpg,
Norway_009978.jpg,
Norway_009979.jpg,
Norway_009980.jpg,1 1492 1530 1519 1568 1 1456 1409 1506 1458 1 1419 1193 1455 1252 3 1414 1285 1497 1381 1 1634 1962 1686 2040
Norway_009981.jpg,1 1370 1209 1784 1791 1 1311 1134 1635 1589
Norway_009982.jpg,
Norway_009983.jpg,
Norway_009984.jpg,1 22 1232 1136 1879
Norway_009985.jpg,
Norway_009986.jpg,
Norway_009987.jpg,1 1208 1175 1231 1215
Norway_009988.jpg,
Norway_009989.jpg,
Norway_009990.jpg,
Norway_009991.jpg,
Norway_009992.jpg,
Norway_009993.jpg,
Norway_009994.jpg,1 1082 1443 1153 1540 1 1074 1449 1530 2036 1 1339 1286 1417 1370 1 0 1364 841 1896
Norway_009995.jpg,
Norway_009996.jpg,
Norway_009997.jpg,
Norway_009998.jpg,
Norway_009999.jpg,
Norway_010000.jpg,
Norway_010001.jpg,
Norway_010002.jpg,
Norway_010003.jpg,1 1911 1524 2136 1737
Norway_010004.jpg,
Norway_010005.jpg,
Norway_010006.jpg,
Norway_010007.jpg,1 82 1301 1080 2005 1 291 1248 903 1517 1 1109 1311 1271 1558
Norway_010008.jpg,
Norway_010009.jpg,
Norway_010010.jpg,
Norway_010011.jpg,
Norway_010012.jpg,1 2393 1881 2534 2030
Norway_010013.jpg,1 2361 1822 2564 2034 1 1474 1315 1530 1468 1 1238 1218 1290 1293 1 1091 1321 1537 2016
Norway_010014.jpg,
Norway_010015.jpg,
Norway_010016.jpg,
Norway_010017.jpg,
Norway_010018.jpg,
Norway_010019.jpg,1 1356 1182 1882 2024
Norway_010020.jpg,
Norway_010021.jpg,
Norway_010022.jpg,
Norway_010023.jpg,
Norway_010024.jpg,
Norway_010025.jpg,
Norway_010026.jpg,
Norway_010027.jpg,
Norway_010028.jpg,1 471 1748 590 1856 1 622 1197 871 1335 1 620 1124 994 1338
Norway_010029.jpg,
Norway_010030.jpg,
Norway_010031.jpg,4 387 1572 477 1641 1 529 1365 734 1525 2 2485 1921 2629 2017
Norway_010032.jpg,
Norway_010033.jpg,
Norway_010034.jpg,
Norway_010035.jpg,
Norway_010036.jpg,
Norway_010037.jpg,1 1429 1936 1483 2033 1 925 1262 1162 1426 1 1421 1705 1480 1813
Norway_010038.jpg,1 1424 1233 1874 1981
Norway_010039.jpg,1 1791 1670 2079 2033 1 1316 1290 1342 1331 1 1493 1609 1575 2040 1 960 1215 1025 1295 1 1364 1339 1463 1581
Norway_010040.jpg,1 1778 1606 2265 2041
Norway_010041.jpg,
Norway_010042.jpg,
Norway_010043.jpg,
Norway_010044.jpg,
Norway_010045.jpg,1 702 1368 819 1433 1 1542 1136 1619 1215 1 1351 1215 1454 1279 1 1576 1142 1609 1197 1 60 1661 339 1809
Norway_010046.jpg,
Norway_010047.jpg,
Norway_010048.jpg,
Norway_010049.jpg,
Norway_010050.jpg,1 1337 1257 1383 1325
Norway_010051.jpg,1 1529 1244 1968 2034
Norway_010052.jpg,
Norway_010053.jpg,
Norway_010054.jpg,
Norway_010055.jpg,1 1418 1188 1443 1231
Norway_010056.jpg,
Norway_010057.jpg,
Norway_010058.jpg,1 1483 1190 1517 1233 1 1547 1236 1775 1603
Norway_010059.jpg,1 1490 1360 1559 1474 1 1404 1250 1452 1373 1 1120 1221 1228 1341 1 1475 1182 1529 1285 1 1509 1438 1648 2028
Norway_010060.jpg,
Norway_010061.jpg,4 39 1452 126 1501 4 566 1834 740 2029 4 766 1867 870 1944
Norway_010062.jpg,1 1627 1263 1706 1379 1 860 1209 1276 1628 1 1416 1025 1463 1079 3 476 1677 895 2029 1 1538 1122 1614 1219
Norway_010063.jpg,
Norway_010064.jpg,
Norway_010065.jpg,
Norway_010066.jpg,
Norway_010067.jpg,
Norway_010068.jpg,
Norway_010069.jpg,
Norway_010070.jpg,1 348 1404 818 1681 1 890 1377 1242 2041
Norway_010071.jpg,
Norway_010072.jpg,1 1462 1929 1494 2024 1 72 1792 427 2036 1 1532 1362 1626 1925 1 1404 1663 1525 1791 1 452 1556 794 1824
Norway_010073.jpg,1 775 1139 1157 1300 1 3 1495 365 1684
Norway_010074.jpg,1 1560 1190 1710 1733
Norway_010075.jpg,
Norway_010076.jpg,
Norway_010077.jpg,
Norway_010078.jpg,
Norway_010079.jpg,
Norway_010080.jpg,
Norway_010081.jpg,
Norway_010082.jpg,1 558 1720 719 1873 1 566 1445 836 1663
Norway_010083.jpg,
Norway_010084.jpg,
Norway_010085.jpg,
Norway_010086.jpg,
Norway_010087.jpg,1 1350 1156 1857 2027
Norway_010088.jpg,1 1551 1125 1622 1265
Norway_010089.jpg,
Norway_010090.jpg,1 428 1389 726 1540
Norway_010091.jpg,
Norway_010092.jpg,
Norway_010093.jpg,
Norway_010094.jpg,
Norway_010095.jpg,
Norway_010096.jpg,1 1468 1246 2048 2021
Norway_010097.jpg,
Norway_010098.jpg,
Norway_010099.jpg,
Norway_010100.jpg,
Norway_010101.jpg,
Norway_010102.jpg,4 1317 1492 1439 1621
Norway_010103.jpg,1 171 1396 657 1658 1 1524 1401 1585 1514 3 1562 1389 2153 2033
Norway_010104.jpg,
Norway_010105.jpg,
Norway_010106.jpg,1 1039 1226 1130 1340
Norway_010107.jpg,
Norway_010108.jpg,
Norway_010109.jpg,
Norway_010110.jpg,
Norway_010111.jpg,
Norway_010112.jpg,1 2391 1735 2597 1884 1 405 1344 665 1475 1 400 1242 897 1471 1 2497 1903 2683 2030
Norway_010113.jpg,
Norway_010114.jpg,1 520 1329 617 1407
Norway_010115.jpg,1 1784 1674 1982 2032 1 835 1267 903 1304 1 614 1313 814 1405 1 1644 1381 1790 1640
Norway_010116.jpg,
Norway_010117.jpg,1 3596 1587 3710 1979 1 3888 1308 3975 1669
Norway_010118.jpg,1 431 1715 474 1772 1 323 1823 360 1888 1 585 1489 658 1564 1 2419 1665 2633 2022 1 588 1684 705 2031
Norway_010119.jpg,
Norway_010120.jpg,
Norway_010121.jpg,1 480 1218 1090 1577 1 1302 1197 1387 1283
Norway_010122.jpg,
Norway_010123.jpg,1 1332 1282 1363 1317 1 1434 1203 1492 1390 1 1412 1124 1477 1245 1 1250 1276 1280 1316 3 1185 1460 1830 2031
Norway_010124.jpg,1 1025 1109 1056 1138 1 1200 1120 1228 1158 1 1250 1122 1284 1160 1 1310 1156 1354 1209 1 1260 1191 1318 1241
Norway_010125.jpg,2 1154 1330 1727 1397 1 650 1262 1245 1812
Norway_010126.jpg,
Norway_010127.jpg,
Norway_010128.jpg,1 665 1657 895 1881 1 799 1435 884 1534 1 509 1435 892 1746 3 1385 1160 1516 1416 1 829 1439 881 1493
Norway_010129.jpg,
Norway_010130.jpg,1 1249 1104 1320 1198 1 1516 1438 1579 1539 1 1418 1319 1471 1401
Norway_010131.jpg,
Norway_010132.jpg,
Norway_010133.jpg,1 3037 770 3094 862 1 3053 766 3094 812 1 3023 813 3083 906
Norway_010134.jpg,
Norway_010135.jpg,
Norway_010136.jpg,1 363 1479 521 1609 1 1554 1619 1695 1944 1 1032 1195 1172 1406 1 1333 1485 1512 1659 1 1325 1481 1740 1939
Norway_010137.jpg,
Norway_010138.jpg,1 250 1423 530 1548
Norway_010139.jpg,1 842 1225 940 1272 1 1517 1147 1720 1435 1 1623 1151 1691 1301 1 1521 1146 1608 1416 1 8 1403 677 1741
Norway_010140.jpg,
Norway_010141.jpg,
Norway_010142.jpg,
Norway_010143.jpg,
Norway_010144.jpg,1 740 1225 1286 1866 3 1458 1209 1623 1567
Norway_010145.jpg,
Norway_010146.jpg,
Norway_010147.jpg,1 570 1271 844 1415
Norway_010148.jpg,2 636 1592 959 1733
Norway_010149.jpg,2 1068 1656 1544 1729
Norway_010150.jpg,
Norway_010151.jpg,
Norway_010152.jpg,
Norway_010153.jpg,1 1635 1451 1842 2030
Norway_010154.jpg,
Norway_010155.jpg,1 358 1653 438 1768
Norway_010156.jpg,
Norway_010157.jpg,1 1151 1165 1232 1214 1 323 1500 437 1561 1 1545 1188 1600 1316 1 1106 1164 1234 1241
Norway_010158.jpg,1 1573 1511 1598 1570 1 1489 1989 1520 2041 1 1448 1803 1489 1866 1 1540 1882 1581 1980 1 1119 1426 1222 1501
Norway_010159.jpg,
Norway_010160.jpg,
Norway_010161.jpg,
Norway_010162.jpg,
Norway_010163.jpg,
Norway_010164.jpg,
Norway_010165.jpg,1 1027 1345 1124 1660 1 986 1344 1128 2023
Norway_010166.jpg,
Norway_010167.jpg,
Norway_010168.jpg,
Norway_010169.jpg,
Norway_010170.jpg,
Norway_010171.jpg,1 1643 1385 1670 1446 1 1817 1920 1941 2032 1 658 1735 709 1777 1 1745 1738 1940 2035
Norway_010172.jpg,
Norway_010173.jpg,
Norway_010174.jpg,2 2869 1795 3157 1868
Norway_010175.jpg,
Norway_010176.jpg,2 1187 1877 1373 1996 1 1190 1874 1377 1992 1 1502 1691 1595 2033 1 1391 1280 1606 2030 1 427 1519 851 1898
Norway_010177.jpg,1 759 1496 810 1536 1 1133 1350 1247 1460 1 114 1951 170 2003 1 1600 1258 1625 1293 1 611 1744 907 2044
Norway_010178.jpg,1 1199 1285 1356 1461
Norway_010179.jpg,
Norway_010180.jpg,1 1214 1077 1236 1119
Norway_010181.jpg,
Norway_010182.jpg,3 54 1156 768 1443
Norway_010183.jpg,1 1709 1334 1752 1373 1 0 1444 376 1701
Norway_010184.jpg,
Norway_010185.jpg,
Norway_010186.jpg,1 1932 1931 2011 2038
Norway_010187.jpg,
Norway_010188.jpg,
Norway_010189.jpg,
Norway_010190.jpg,
Norway_010191.jpg,1 150 1356 404 1474
Norway_010192.jpg,1 1468 1100 1504 1145 1 1275 1126 1361 1207 1 1587 1349 1674 1488
Norway_010193.jpg,
Norway_010194.jpg,1 389 1346 606 1437 2 1035 1678 1290 1721 2 1337 1637 1785 1746 1 1259 1430 1426 2030
Norway_010195.jpg,1 993 1501 1042 1542
Norway_010196.jpg,
Norway_010197.jpg,
Norway_010198.jpg,
Norway_010199.jpg,
Norway_010200.jpg,1 1376 1269 1950 2028
