2 0.350124 0.567124 0.0112545 0.0161685 0.252723
2 0.33681 0.641842 0.0214109 0.044096 0.261503
2 0.317321 0.602891 0.0307439 0.0308672 0.265651
2 0.341751 0.964968 0.013725 0.067124 0.267815
2 0.377162 0.639882 0.0192149 0.0274375 0.279388
2 0.311145 0.60779 0.0167444 0.0259677 0.293767
2 0.0200384 0.907398 0.0400769 0.0695737 0.336731
2 0.367142 0.570799 0.0172934 0.0303773 0.366056
2 0.380044 0.624204 0.0222344 0.055855 0.36709
2 0.563547 0.929201 0.0576448 0.133758 0.40835
2 0.0352731 0.830965 0.0699973 0.066634 0.428571
2 0.411749 0.629838 0.0153719 0.0612445 0.432018
2 0.42465 0.603381 0.00603898 0.0161685 0.443901
2 0.216854 0.850074 0.0724677 0.127389 0.451791
2 0.418062 0.700637 0.012078 0.0617344 0.584417
2 0.281911 0.732239 0.0499588 0.0612445 0.61453
2 0.411062 0.779765 0.0183914 0.0641842 0.632289
2 0.371672 0.689613 0.0296459 0.0759432 0.642099
2 0.361927 0.895639 0.0441943 0.208721 0.651948
2 0.459923 0.797648 0.0480373 0.341009 0.664298
2 0.434806 0.961783 0.0241559 0.0734934 0.707607
