2 0.556301 0.939824 0.0413699 0.111546 0.276706
2 0.557945 0.82681 0.0380822 0.0684932 0.284285
2 0.489726 0.939824 0.0276712 0.112524 0.291452
3 0.493836 0.806262 0.154247 0.368885 0.320747
2 0.418082 0.72407 0.019726 0.0645793 0.322278
2 0.426575 0.667564 0.0136986 0.0591977 0.33377
2 0.0415068 0.894569 0.0265753 0.0357143 0.417187
2 0.144384 0.772994 0.0356164 0.0303327 0.446392
2 0.526575 0.938601 0.0268493 0.0856164 0.461272
2 0.440685 0.842466 0.0358904 0.0861057 0.470274
2 0.593973 0.938112 0.0608219 0.114971 0.568705
