2 0.424925 0.638902 0.0164699 0.0646742 0.251088
2 0.332144 0.699902 0.012627 0.0181284 0.251335
2 0.0391161 0.904459 0.0782322 0.118569 0.269505
2 0.437002 0.569084 0.00658798 0.0210681 0.278155
2 0.363299 0.568104 0.0134505 0.0191083 0.29154
2 0.306341 0.690103 0.0334889 0.0406663 0.297319
2 0.353418 0.654826 0.0216854 0.0259677 0.307764
2 0.0909964 0.7805 0.151249 0.121509 0.31929
2 0.180895 0.683978 0.0581938 0.0548751 0.320468
2 0.467197 0.66634 0.0252539 0.0597746 0.322309
2 0.247186 0.789074 0.119407 0.170015 0.330009
2 0.293165 0.61563 0.0576448 0.0504655 0.362691
2 0.231265 0.679569 0.0634093 0.0725135 0.391167
2 0.362201 0.724155 0.00905847 0.0284174 0.417079
2 0.223305 0.821901 0.0787812 0.118079 0.442281
2 0.502608 0.907643 0.0570958 0.177854 0.553753
2 0.258441 0.958599 0.0205874 0.0759432 0.559439
2 0.183777 0.761636 0.0645073 0.0955414 0.597203
