2 0.276712 0.581213 0.0263014 0.0244618 0.266784
2 0.0608219 0.755382 0.121644 0.0978474 0.290805
2 0.0363014 0.768102 0.0726027 0.0704501 0.301321
2 0.446986 0.854941 0.0145205 0.066047 0.314727
2 0.188904 0.658023 0.0638356 0.0499022 0.314898
2 0.42 0.809198 0.0526027 0.092955 0.335214
2 0.108904 0.711106 0.0808219 0.066047 0.337872
2 0.413425 0.626957 0.0219178 0.0543053 0.372578
2 0.405616 0.852251 0.0167123 0.0322896 0.379208
2 0.398767 0.774951 0.0112329 0.0293542 0.380057
3 0.390137 0.573875 0.0213699 0.0410959 0.419128
2 0.423288 0.69227 0.0284932 0.0772994 0.437707
2 0.439726 0.771526 0.0115068 0.0362035 0.561723
2 0.429726 0.930773 0.02 0.133562 0.623047
2 0.409041 0.729207 0.0109589 0.0278865 0.639274
