2 0.446849 0.935421 0.010411 0.037182 0.277126
3 0.323014 0.580724 0.029589 0.053816 0.293454
2 0.0886301 0.728963 0.090137 0.0782779 0.29632
2 0.394795 0.828278 0.0164384 0.0763209 0.325682
2 0.116301 0.704746 0.0638356 0.047456 0.331672
2 0.476027 0.863992 0.0090411 0.0450098 0.348964
2 0.485069 0.746331 0.0391781 0.0797456 0.366679
2 0.473562 0.94227 0.0408219 0.107632 0.372638
2 0.483014 0.950098 0.0213699 0.0958904 0.420392
2 0.404932 0.670988 0.0060274 0.0151663 0.429602
2 0.392603 0.886986 0.0279452 0.205479 0.431295
2 0.431507 0.975538 0.0109589 0.0469667 0.502051
2 0.452877 0.78547 0.0142466 0.0445205 0.62809
2 0.562192 0.909002 0.0706849 0.12818 0.66645
