2 0.373319 0.605341 0.0148229 0.0475257 0.259012
2 0.386357 0.688143 0.0365084 0.0867222 0.277511
2 0.14768 0.83611 0.0351359 0.0710436 0.281226
2 0.235108 0.718275 0.0601153 0.0881921 0.286012
0 0.304419 0.675404 0.0828987 0.0249878 0.286494
2 0.245402 0.688388 0.0378809 0.0382166 0.293412
2 0.464452 0.701372 0.0290969 0.0651641 0.29374
2 0.181993 0.658011 0.0301949 0.0382166 0.299707
2 0.35328 0.638902 0.00658798 0.0176384 0.303167
3 0.383338 0.692798 0.0436453 0.0979912 0.307582
2 0.223442 0.740813 0.0675268 0.0940715 0.308679
2 0.396239 0.66389 0.0145484 0.033317 0.319751
2 0.569997 0.900539 0.0403514 0.0793729 0.343249
2 0.36179 0.751347 0.0351359 0.0455659 0.371913
2 0.428356 0.969868 0.0118035 0.055365 0.453894
2 0.0595663 0.760412 0.119133 0.100931 0.469337
2 0.120505 0.759187 0.0444688 0.0641842 0.4924
2 0.377299 0.909358 0.0271754 0.179324 0.517325
2 0.283832 0.612445 0.0351359 0.0342969 0.56851
2 0.285616 0.769231 0.0573703 0.149927 0.568867
2 0.322125 0.790789 0.0118035 0.0460559 0.570481
2 0.151935 0.828515 0.0194894 0.055855 0.61703
2 0.21109 0.908378 0.0735657 0.177364 0.6788
2 0.148778 0.905194 0.0631348 0.11612 0.69644
