2 0.0848202 0.754287 0.0570958 0.0543851 0.253574
2 0.204914 0.857423 0.0699973 0.186183 0.276304
2 0.214521 0.927487 0.0562723 0.138168 0.277611
2 0.559978 0.898579 0.0702718 0.157766 0.308562
2 0.229618 0.872122 0.0892122 0.248898 0.319131
2 0.464041 0.938021 0.0645073 0.120039 0.344034
2 0.29989 0.829495 0.0161954 0.0391965 0.362252
2 0.436591 0.804018 0.100192 0.123469 0.373901
2 0.323909 0.720725 0.0334889 0.135228 0.384285
2 0.272989 0.817001 0.0112545 0.0475257 0.4228
2 0.286989 0.88584 0.0183914 0.0519353 0.447224
2 0.278617 0.717295 0.0494098 0.0921117 0.452052
2 0.464864 0.668545 0.0266264 0.0622244 0.484856
2 0.263107 0.950759 0.0233324 0.0926017 0.503544
2 0.13272 0.962273 0.0409004 0.0695737 0.505538
