2 0.409452 0.524951 0.00630137 0.0215264 0.251051
2 0.395753 0.538405 0.0167123 0.0552838 0.257157
2 0.393973 0.822407 0.0208219 0.318004 0.260225
0 0.54726 0.969423 0.1 0.0386497 0.281505
2 0.26137 0.704501 0.0186301 0.0273973 0.296651
2 0.393699 0.91683 0.019726 0.137965 0.344057
0 0.309589 0.970157 0.155068 0.0342466 0.35582
2 0.279041 0.679305 0.0468493 0.0709393 0.392629
2 0.313288 0.659002 0.0139726 0.035225 0.411734
2 0.396575 0.615949 0.0216438 0.0851272 0.48209
2 0.108493 0.706458 0.153973 0.123288 0.499792
2 0.422055 0.592221 0.0238356 0.0670254 0.511308
2 0.318493 0.649706 0.0254795 0.0528376 0.55519
2 0.256027 0.730675 0.0189041 0.0318004 0.570107
2 0.437945 0.672211 0.0271233 0.0782779 0.652267
2 0.137671 0.933708 0.0649315 0.110078 0.656012
