2 0.307164 0.83611 0.0378809 0.11318 0.263085
2 0.188855 0.873101 0.012627 0.033317 0.274477
2 0.514686 0.710681 0.0170189 0.0739833 0.286864
2 0.489706 0.651641 0.0258029 0.100931 0.296786
2 0.494647 0.621509 0.013725 0.0406663 0.302033
2 0.301125 0.849584 0.0230579 0.0793729 0.311777
2 0.383201 0.700882 0.0373319 0.0475257 0.3252
2 0.433434 0.891965 0.0433708 0.215091 0.337109
2 0.315948 0.609505 0.0236069 0.0215581 0.346485
2 0.480511 0.583782 0.0107055 0.0279275 0.390213
2 0.485726 0.674424 0.0216854 0.0700637 0.396255
2 0.163876 0.765801 0.107604 0.099951 0.403506
2 0.307851 0.652621 0.0145484 0.0176384 0.435608
0 0.155641 0.839049 0.0872907 0.033807 0.547947
