0 0.409589 0.633806 0.0257534 0.0239726 0.262063
2 0.409041 0.632828 0.0246575 0.0259295 0.277137
2 0.354932 0.667808 0.0183562 0.0381605 0.278636
2 0.332603 0.606898 0.0158904 0.0298434 0.286068
2 0.0821918 0.738014 0.161096 0.138454 0.297013
0 0.370137 0.681262 0.0476712 0.0337573 0.304676
2 0.173425 0.668053 0.0317808 0.0308219 0.326315
2 0.193973 0.690068 0.0986301 0.0954012 0.340777
2 0.280548 0.976517 0.0186301 0.0420744 0.342069
2 0.381233 0.581947 0.0117808 0.0229941 0.348831
2 0.0817808 0.808464 0.162466 0.186399 0.355017
2 0.374521 0.641634 0.0213699 0.0229941 0.377592
2 0.238356 0.625734 0.0235616 0.0283757 0.387579
2 0.41 0.670988 0.0117808 0.0396282 0.422456
2 0.436164 0.881605 0.0367123 0.217221 0.448467
2 0.41589 0.588552 0.0136986 0.0577299 0.524632
2 0.390274 0.840264 0.029863 0.312622 0.560639
2 0.298082 0.829746 0.0882192 0.323875 0.647945
2 0.485342 0.920254 0.0254795 0.155577 0.740676
