2 0.214932 0.742172 0.0139726 0.0195695 0.250759
2 0.326301 0.687378 0.0312329 0.053816 0.267978
2 0.0390411 0.96771 0.0156164 0.0254403 0.283202
2 0.441781 0.624022 0.00684932 0.0171233 0.289982
2 0.208219 0.926859 0.0810959 0.146282 0.294919
2 0.422055 0.619129 0.0090411 0.0318004 0.306464
2 0.401918 0.709638 0.00876712 0.0533268 0.356913
2 0.416575 0.677348 0.0183562 0.0758317 0.358792
2 0.407397 0.685665 0.0208219 0.0924658 0.370678
2 0.38274 0.72089 0.0060274 0.0190802 0.376068
2 0.335616 0.770303 0.00767123 0.0278865 0.49178
2 0.309452 0.846624 0.0238356 0.113992 0.518191
2 0.223425 0.728718 0.0309589 0.047456 0.581409
2 0.171233 0.789628 0.0273973 0.0469667 0.601252
2 0.226986 0.908757 0.0479452 0.113992 0.621009
2 0.184521 0.975049 0.0331507 0.0450098 0.63816
2 0.310137 0.762476 0.0273973 0.0719178 0.658773
2 0.0889041 0.86228 0.176164 0.230431 0.747402
