3 0.372221 0.647967 0.0269009 0.0739833 0.27338
2 0.453061 0.919892 0.0458413 0.142577 0.276374
2 0.309909 0.6683 0.011529 0.0401764 0.2844
2 0.353692 0.807202 0.0134505 0.0377266 0.35831
2 0.37126 0.648212 0.0260774 0.0705537 0.364196
2 0.188993 0.913523 0.0409004 0.0739833 0.372772
2 0.377436 0.793484 0.0197639 0.101421 0.418892
2 0.409415 0.708721 0.0271754 0.1122 0.429593
3 0.417925 0.870652 0.132034 0.248898 0.433147
2 0.282871 0.661196 0.0112545 0.0230279 0.443363
2 0.151523 0.819451 0.0362339 0.0543851 0.731525
