2 0.426575 0.686155 0.0109589 0.0200587 0.250416
2 0.429863 0.690313 0.0142466 0.0244618 0.26797
2 0.558904 0.858611 0.0663014 0.127202 0.285946
2 0.39726 0.584393 0.010411 0.0386497 0.293039
2 0.0906849 0.939579 0.0553425 0.0601761 0.326292
2 0.44274 0.838063 0.0153425 0.0342466 0.373884
2 0.425342 0.618395 0.00630137 0.0156556 0.403314
2 0.396712 0.59638 0.0109589 0.0293542 0.478695
2 0.0179452 0.811155 0.0358904 0.0684932 0.554963
2 0.297945 0.609344 0.0386301 0.0357143 0.567399
2 0.158904 0.703767 0.182466 0.125734 0.579829
2 0.393014 0.671722 0.0145205 0.0499022 0.620611
