2 0.525753 0.904599 0.0575342 0.181996 0.260245
2 0.396438 0.646282 0.0060274 0.0156556 0.276524
2 0.425753 0.910959 0.0608219 0.159491 0.317489
2 0.444384 0.943493 0.0208219 0.101272 0.319247
2 0.286438 0.659491 0.0380822 0.0528376 0.334795
2 0.243562 0.7182 0.0920548 0.130137 0.353515
2 0.40726 0.607387 0.0178082 0.0543053 0.375023
2 0.171233 0.844912 0.0887671 0.137965 0.403336
2 0.451233 0.842466 0.0120548 0.0264188 0.447594
2 0.410959 0.61546 0.0120548 0.0391389 0.456772
2 0.420411 0.652887 0.00739726 0.0278865 0.480076
2 0.402055 0.590998 0.0145205 0.0254403 0.524771
2 0.396575 0.863503 0.0156164 0.055773 0.528892
2 0.404795 0.689579 0.0150685 0.0875734 0.539386
2 0.324795 0.609344 0.0243836 0.0327789 0.566234
2 0.432877 0.766634 0.0235616 0.0851272 0.701883
2 0.369315 0.789873 0.0169863 0.158023 0.725703
