0 0.374142 0.728074 0.0730167 0.0538951 0.260215
2 0.523195 0.971828 0.0301949 0.0494855 0.280027
3 0.434944 0.688878 0.0683503 0.153846 0.285283
2 0.137799 0.757227 0.0142739 0.0171485 0.292857
0 0.264754 0.749633 0.133681 0.0734934 0.298822
2 0.436591 0.950759 0.0255284 0.0926017 0.306616
2 0.342575 0.688633 0.0274499 0.0583048 0.312853
3 0.44661 0.77217 0.0966237 0.325331 0.332119
3 0.37922 0.555855 0.0398024 0.0387065 0.359911
2 0.411474 0.575208 0.00768597 0.0205781 0.44111
2 0.202306 0.672464 0.0933297 0.0739833 0.449887
2 0.482569 0.921607 0.0241559 0.136208 0.476327
2 0.0584683 0.807447 0.11529 0.117589 0.48468
