2 0.424513 0.707496 0.0376064 0.205781 0.277364
2 0.441806 0.936551 0.0222344 0.120039 0.306054
2 0.322125 0.583537 0.0200384 0.0254777 0.307892
2 0.338046 0.813327 0.107878 0.340029 0.312896
2 0.43014 0.66634 0.0263519 0.142087 0.318598
0 0.0848202 0.926997 0.141093 0.0725135 0.323437
2 0.399259 0.676384 0.0118035 0.0269476 0.324655
2 0.291655 0.691573 0.0513313 0.088682 0.330424
2 0.120642 0.742528 0.0535273 0.0534052 0.335483
2 0.376475 0.596276 0.0200384 0.0382166 0.33788
2 0.16017 0.740078 0.0398024 0.0387065 0.376423
2 0.296459 0.909113 0.0318419 0.170995 0.410356
2 0.0656053 0.839784 0.1098 0.148947 0.443091
2 0.344771 0.60779 0.0159209 0.0289074 0.450374
2 0.373181 0.623224 0.0227834 0.0636943 0.456856
2 0.404612 0.617589 0.0170189 0.0788829 0.486224
2 0.405023 0.839049 0.0139995 0.066144 0.496559
2 0.489981 0.886575 0.0713698 0.214111 0.499055
0 0.157562 0.792259 0.0911337 0.0470358 0.506063
0 0.555998 0.937041 0.0875652 0.0426262 0.554189
