2 0.530137 0.906311 0.0789041 0.177593 0.299417
2 0.36411 0.641145 0.00712329 0.0200587 0.345027
2 0.420274 0.892857 0.0224658 0.21135 0.384413
2 0.271918 0.614481 0.0178082 0.0391389 0.389539
2 0.387534 0.714286 0.0271233 0.118395 0.465158
2 0.340685 0.664139 0.0172603 0.0406067 0.496596
2 0.278082 0.56091 0.0169863 0.0406067 0.517377
2 0.409452 0.71771 0.0347945 0.113503 0.524363
2 0.359589 0.726272 0.0145205 0.1091 0.537413
2 0.383151 0.821184 0.0178082 0.0973581 0.676751
2 0.217534 0.65093 0.0312329 0.047456 0.734855
