2 0.510568 0.824841 0.146582 0.32778 0.250634
2 0.155092 0.852768 0.151523 0.283684 0.308397
2 0.413533 0.61514 0.0233324 0.0396864 0.351937
2 0.275597 0.669525 0.0159209 0.0357668 0.433211
3 0.295361 0.578883 0.0395279 0.0965213 0.510652
2 0.37277 0.94194 0.013176 0.0406663 0.525369
2 0.206835 0.670015 0.0419984 0.0641842 0.5677
2 0.218638 0.593092 0.0370574 0.0494855 0.568821
2 0.431924 0.690103 0.0507823 0.0955414 0.599268
2 0.254598 0.594072 0.0365084 0.0651641 0.629096
2 0.403651 0.815777 0.0634093 0.359628 0.70591
