2 0.336948 0.970358 0.0189404 0.055365 0.282952
2 0.517431 0.912788 0.0378809 0.123469 0.312295
2 0.0531156 0.825821 0.106231 0.124939 0.315784
2 0.454021 0.650906 0.0329399 0.0798628 0.336058
2 0.458413 0.583782 0.0318419 0.0563449 0.339633
0 0.406396 0.664625 0.0474883 0.0269476 0.351752
2 0.553116 0.987016 0.0159209 0.0230279 0.377917
2 0.404474 0.905438 0.0107055 0.0411563 0.39487
2 0.0713698 0.939 0.012627 0.0289074 0.425695
0 0.154268 0.871632 0.0675268 0.0676139 0.447595
2 0.368927 0.590152 0.0411749 0.033807 0.448818
2 0.330771 0.662665 0.0658798 0.100441 0.450251
2 0.502333 0.859138 0.0724677 0.22195 0.457203
2 0.153719 0.870897 0.0636838 0.0730034 0.473659
2 0.42218 0.712641 0.010431 0.0396864 0.525653
2 0.401867 0.625674 0.0548998 0.10779 0.529647
2 0.43261 0.9439 0.013725 0.0583048 0.563122
2 0.160856 0.951739 0.0532528 0.0926017 0.708094
