2 0.206712 0.794521 0.0605479 0.037182 0.270276
2 0.312055 0.694716 0.0230137 0.053816 0.277801
2 0.304795 0.747798 0.030411 0.0758317 0.304708
0 0.206849 0.793297 0.0608219 0.0366928 0.341647
1 0.302466 0.754648 0.0323288 0.0650685 0.355644
2 0.448904 0.59956 0.0112329 0.0210372 0.391248
2 0.0263014 0.777642 0.0526027 0.0552838 0.405038
2 0.359452 0.619863 0.0350685 0.0420744 0.405468
2 0.334795 0.599315 0.0169863 0.0391389 0.507822
0 0.336164 0.717221 0.0273973 0.0166341 0.508082
2 0.307808 0.656556 0.0232877 0.0430528 0.598221
2 0.519315 0.808708 0.0265753 0.0753425 0.607239
2 0.355616 0.650196 0.04 0.0518591 0.62828
2 0.487808 0.686155 0.0621918 0.133562 0.649569
2 0.256301 0.868885 0.0884932 0.15362 0.684405
