0 0.311015 0.67543 0.0502475 0.012285 0.251117
2 0.422772 0.716708 0.0227723 0.046683 0.252004
2 0.384777 0.843735 0.0344059 0.0687961 0.253076
2 0.390099 0.646683 0.0262376 0.0501228 0.272732
2 0.187005 0.585258 0.0324257 0.0334152 0.278588
2 0.345668 0.645455 0.0165842 0.0712531 0.296966
2 0.265099 0.687715 0.00742574 0.0250614 0.297318
2 0.375 0.798034 0.0509901 0.156265 0.30611
2 0.331807 0.532432 0.00717822 0.0152334 0.34937
2 0.338738 0.652088 0.0116337 0.0638821 0.379982
2 0.331188 0.577641 0.0108911 0.0643735 0.398601
2 0.205941 0.814251 0.029703 0.10516 0.43222
2 0.275124 0.59484 0.0106436 0.0201474 0.451567
2 0.177228 0.878624 0.0866337 0.227027 0.453106
2 0.278465 0.605651 0.0128713 0.0388206 0.457978
2 0.359777 0.670516 0.0324257 0.11941 0.459722
2 0.0826733 0.686978 0.165347 0.173956 0.489017
2 0.360149 0.759214 0.0188119 0.0678133 0.496148
2 0.24505 0.667076 0.0153465 0.0486486 0.527887
2 0.205693 0.570516 0.0658416 0.0599509 0.588582
2 0.405941 0.680835 0.0529703 0.114496 0.604885
