2 0.389102 0.565899 0.00686248 0.0166585 0.258006
2 0.205737 0.698922 0.11227 0.0837825 0.296657
0 0.129975 0.790544 0.0425474 0.044586 0.30582
2 0.075899 0.88976 0.150151 0.146987 0.325229
2 0.0587428 0.821166 0.112545 0.0921117 0.367203
2 0.356437 0.6683 0.0118035 0.0205781 0.392936
2 0.359731 0.636943 0.0255284 0.0460559 0.399461
2 0.341477 0.650416 0.0603898 0.0700637 0.460188
2 0.290694 0.856198 0.114741 0.273885 0.46168
2 0.256657 0.726115 0.0807027 0.117589 0.527803
2 0.370848 0.690103 0.013176 0.0377266 0.638339
2 0.471589 0.88682 0.0400769 0.22244 0.773633
