2 0.295069 0.596135 0.0427397 0.0318004 0.27663
2 0.323973 0.578767 0.00794521 0.0146771 0.312552
2 0.457808 0.673679 0.0427397 0.12818 0.319246
2 0.292877 0.659247 0.0246575 0.0386497 0.321147
2 0.475616 0.70499 0.0690411 0.167319 0.33665
2 0.252466 0.625245 0.0183562 0.0244618 0.339765
2 0.261096 0.619618 0.0367123 0.0327789 0.413608
2 0.328356 0.59638 0.0117808 0.018591 0.444279
2 0.406986 0.681996 0.0117808 0.0362035 0.505931
2 0.399315 0.599315 0.0106849 0.0303327 0.539816
2 0.0790411 0.773973 0.158082 0.16047 0.567337
2 0.419726 0.649217 0.0153425 0.0479452 0.636597
2 0.440685 0.787671 0.0139726 0.0596869 0.661401
2 0.423425 0.733855 0.0167123 0.0821918 0.724828
2 0.343151 0.950587 0.0336986 0.0968689 0.744336
2 0.446027 0.90093 0.0356164 0.189335 0.781614
