2 0.371534 0.593582 0.0150974 0.0436061 0.253504
2 0.296184 0.659236 0.0329399 0.0406663 0.273183
2 0.339555 0.596031 0.0269009 0.0396864 0.279124
2 0.367142 0.601421 0.0288224 0.0592847 0.304453
2 0.136014 0.918177 0.100192 0.152866 0.305803
2 0.185561 0.703822 0.0148229 0.0269476 0.315772
2 0.408455 0.60779 0.0197639 0.0573248 0.325923
2 0.360005 0.625919 0.0277244 0.0592847 0.329076
0 0.279577 0.851543 0.166621 0.033317 0.359387
2 0.41367 0.647477 0.013725 0.0200882 0.369793
2 0.243206 0.750612 0.0845457 0.139147 0.436035
2 0.245814 0.641352 0.0771342 0.066634 0.454488
2 0.0312929 0.829495 0.0609388 0.077413 0.490293
2 0.343398 0.712641 0.0428219 0.165115 0.587663
2 0.389514 0.957129 0.013725 0.0818226 0.593005
2 0.30387 0.608525 0.0290969 0.0313572 0.638585
2 0.391573 0.771191 0.0227834 0.0744733 0.737114
2 0.254735 0.962028 0.0444688 0.0720235 0.745043
2 0.164974 0.737629 0.0570958 0.0543851 0.751084
