2 0.471918 0.639432 0.0221918 0.0469667 0.261048
2 0.458767 0.643836 0.0128767 0.0362035 0.282196
2 0.604247 0.813356 0.0638356 0.0934442 0.294576
2 0.493836 0.747065 0.0123288 0.0342466 0.321481
2 0.540685 0.963307 0.0232877 0.0694716 0.360172
2 0.521918 0.820695 0.0367123 0.110078 0.420693
2 0.514247 0.707681 0.0482192 0.0954012 0.464921
2 0.634795 0.974315 0.019726 0.0415851 0.51701
2 0.532466 0.895548 0.0446575 0.207926 0.517786
2 0.460274 0.702544 0.0317808 0.0616438 0.723139
2 0.430137 0.60274 0.019726 0.055773 0.726782
