2 0.116662 0.730034 0.0417239 0.0480157 0.257783
2 0.175679 0.66928 0.127368 0.0979912 0.273636
2 0.0569586 0.779275 0.0150974 0.0181284 0.284133
2 0.349026 0.565164 0.0161954 0.0563449 0.323829
2 0.377299 0.824351 0.0244304 0.33758 0.386768
2 0.0404886 0.768006 0.0798792 0.0690838 0.408466
2 0.392534 0.665605 0.0159209 0.0975012 0.42991
2 0.575899 0.934591 0.0362339 0.124939 0.430457
2 0.454021 0.770211 0.0225089 0.0627144 0.489906
2 0.419572 0.813327 0.0348614 0.365507 0.499779
2 0.147269 0.697452 0.108976 0.11024 0.514898
2 0.314027 0.675159 0.0905847 0.157766 0.517606
2 0.468021 0.748653 0.0675268 0.161685 0.610567
2 0.171562 0.77315 0.0850947 0.124449 0.61214
2 0.140406 0.830965 0.0271754 0.0313572 0.663322
2 0.235246 0.655316 0.0839967 0.0877021 0.673123
2 0.29193 0.800343 0.138622 0.399314 0.687549
