2 0.274795 0.598581 0.0323288 0.0327789 0.253315
2 0.40726 0.674902 0.0183562 0.0308219 0.27291
2 0.313288 0.612524 0.00794521 0.0136986 0.273349
2 0.335479 0.937867 0.02 0.0273973 0.274057
2 0.25274 0.759785 0.0227397 0.0273973 0.285308
2 0.270274 0.718933 0.0117808 0.0181018 0.2933
2 0.278219 0.688112 0.00794521 0.0181018 0.310579
2 0.282329 0.589775 0.0358904 0.0396282 0.322124
2 0.375205 0.751468 0.0128767 0.0567515 0.353687
2 0.144658 0.704012 0.0964384 0.0763209 0.356981
2 0.394795 0.624755 0.0115068 0.0381605 0.39376
2 0.246712 0.763454 0.0134247 0.0200587 0.453346
2 0.298767 0.678816 0.010137 0.0151663 0.459377
2 0.230411 0.636986 0.030137 0.0322896 0.466465
2 0.103151 0.728963 0.169589 0.119374 0.545591
3 0.410685 0.819716 0.0843836 0.245108 0.606414
2 0.166849 0.976761 0.0246575 0.0406067 0.644162
2 0.373014 0.972847 0.0172603 0.0513699 0.68128
2 0.226712 0.824853 0.0260274 0.0606654 0.703971
2 0.223425 0.778376 0.0336986 0.0694716 0.715196
