0 0.182679 0.840519 0.0348614 0.0191083 0.256427
2 0.166895 0.761881 0.0581938 0.0499755 0.264418
2 0.245539 0.634738 0.0809772 0.0690838 0.352089
2 0.418474 0.597501 0.0139995 0.0181284 0.444937
2 0.292753 0.713621 0.0167444 0.0210681 0.492118
2 0.213011 0.71999 0.147131 0.134738 0.580325
2 0.391847 0.635963 0.0183914 0.0578148 0.618452
2 0.259127 0.890495 0.0686248 0.214111 0.689232
2 0.354516 0.642087 0.0370574 0.0759432 0.706555
2 0.348614 0.746203 0.0384299 0.126409 0.716037
2 0.437689 0.83464 0.0392534 0.321901 0.722147
2 0.147543 0.704802 0.0524293 0.0504655 0.741219
