2 0.115701 0.72783 0.0897612 0.0837825 0.25188
2 0.448531 0.896864 0.0263519 0.190593 0.256732
2 0.366319 0.633513 0.0101565 0.0950514 0.261923
2 0.184601 0.66683 0.0678013 0.0607545 0.274394
2 0.266264 0.972318 0.0170189 0.044586 0.276305
2 0.145347 0.702842 0.0837222 0.077903 0.278604
2 0.375789 0.561 0.00823497 0.0176384 0.289411
2 0.395279 0.596766 0.00768597 0.0186183 0.325329
2 0.406945 0.626409 0.0299204 0.077903 0.328056
2 0.359731 0.824841 0.0419984 0.33562 0.450975
2 0.442492 0.840029 0.0488608 0.303283 0.472944
2 0.0424101 0.818961 0.0848202 0.11122 0.575162
2 0.0996431 0.8878 0.0894867 0.134248 0.702929
