2 0.402329 0.677104 0.029863 0.178082 0.274421
2 0.410411 0.600294 0.0257534 0.055773 0.285829
2 0.353425 0.609589 0.0175342 0.0234834 0.29794
2 0.449315 0.604207 0.0164384 0.0606654 0.315219
2 0.398356 0.720157 0.0279452 0.112524 0.32959
2 0.395616 0.852495 0.0252055 0.177593 0.39575
2 0.446712 0.950587 0.0632877 0.0547945 0.442461
2 0.106164 0.909736 0.0232877 0.0386497 0.454572
2 0.307534 0.642123 0.0523288 0.0523483 0.46286
2 0.0919178 0.959638 0.039726 0.06409 0.465912
2 0.0571233 0.98092 0.0315068 0.0313112 0.535571
2 0.24274 0.779843 0.0224658 0.0362035 0.589237
2 0.124795 0.698875 0.06 0.0435421 0.609768
2 0.44137 0.70499 0.0230137 0.0870842 0.616691
2 0.254658 0.715998 0.0583562 0.0787671 0.619173
2 0.166712 0.848826 0.111507 0.17319 0.647577
