2 0.192287 0.693043 0.0579193 0.0602646 0.255967
2 0.247049 0.650906 0.0323909 0.0396864 0.276035
2 0.193934 0.933121 0.0672523 0.121999 0.279679
2 0.345457 0.566144 0.0590173 0.0543851 0.317228
2 0.515921 0.94635 0.0266264 0.104361 0.35298
3 0.439198 0.7805 0.199286 0.436061 0.360017
2 0.0296459 0.798628 0.0587428 0.0548751 0.372559
2 0.166072 0.774865 0.113094 0.11416 0.433002
2 0.377985 0.72734 0.0203129 0.0808427 0.450261
2 0.258029 0.818471 0.120231 0.152376 0.455021
2 0.079742 0.850318 0.159484 0.154336 0.538922
2 0.207796 0.680059 0.0834477 0.0754532 0.549602
2 0.258441 0.701862 0.0612133 0.0847624 0.666598
2 0.362201 0.668545 0.0271754 0.044586 0.714026
2 0.111035 0.918422 0.0645073 0.0837825 0.719581
