2 0.213699 0.865949 0.0630137 0.109589 0.257328
2 0.230548 0.726761 0.0232877 0.0484344 0.257927
2 0.192055 0.77862 0.104658 0.152153 0.265668
3 0.397671 0.630626 0.0358904 0.125245 0.297557
2 0.234247 0.71771 0.0142466 0.0264188 0.301603
2 0.357534 0.568738 0.00657534 0.0151663 0.313933
2 0.0219178 0.772016 0.0438356 0.0665362 0.362428
2 0.403151 0.897505 0.0128767 0.0621331 0.399139
1 0.396575 0.727006 0.0227397 0.0391389 0.40038
2 0.365479 0.621086 0.00876712 0.026908 0.476982
2 0.366712 0.933464 0.0260274 0.131115 0.520774
