2 0.422603 0.672211 0.0123288 0.0234834 0.264855
2 0.0632877 0.749755 0.126575 0.0885519 0.277754
2 0.195068 0.639432 0.0663014 0.0508806 0.281261
2 0.370411 0.670254 0.00821918 0.037182 0.28916
2 0.410548 0.822896 0.0172603 0.0978474 0.315112
2 0.206849 0.629892 0.0454795 0.0347358 0.336247
2 0.36137 0.847847 0.0208219 0.282779 0.359437
2 0.405068 0.77862 0.0260274 0.176614 0.363348
2 0.0161644 0.834149 0.0317808 0.0587084 0.50191
2 0.29137 0.811399 0.101096 0.376223 0.550272
2 0.431781 0.661448 0.0306849 0.0508806 0.562811
2 0.103836 0.721624 0.0865753 0.0714286 0.592894
2 0.419452 0.955724 0.0263014 0.0856164 0.609871
2 0.329589 0.622798 0.0575342 0.092955 0.672632
2 0.240411 0.673434 0.0419178 0.0523483 0.67537
2 0.264247 0.616928 0.0490411 0.0489237 0.689548
2 0.477397 0.736301 0.0123288 0.0528376 0.735063
2 0.498356 0.85274 0.0843836 0.18591 0.855828
