0 0.409863 0.72138 0.0416438 0.0181018 0.251911
2 0.344384 0.97407 0.0131507 0.0479452 0.259506
2 0.382192 0.569472 0.0471233 0.0489237 0.272221
2 0.502055 0.715998 0.0090411 0.0181018 0.273395
2 0.393288 0.744374 0.0117808 0.0464775 0.291456
2 0.433699 0.661693 0.0175342 0.0934442 0.344863
2 0.528767 0.958904 0.0252055 0.0812133 0.362523
2 0.468904 0.684932 0.00794521 0.037182 0.364159
2 0.51726 0.885029 0.04 0.229941 0.36559
0 0.27863 0.944716 0.135342 0.0303327 0.373123
2 0.442466 0.588796 0.0213699 0.0748532 0.409106
2 0.50411 0.786693 0.0120548 0.0479452 0.490062
2 0.272329 0.652397 0.106849 0.115949 0.499545
2 0.459315 0.838796 0.0221918 0.178571 0.514425
0 0.383699 0.828033 0.133973 0.0298434 0.522814
2 0.216301 0.796722 0.11589 0.161937 0.61629
2 0.480411 0.659491 0.0276712 0.0733855 0.694425
