2 0.560685 0.921233 0.00958904 0.0410959 0.252188
2 0.413562 0.675391 0.0112329 0.0278865 0.252965
2 0.509589 0.977006 0.0147945 0.0430528 0.257229
2 0.249452 0.6409 0.0857534 0.0469667 0.27017
2 0.401233 0.714041 0.0134247 0.0591977 0.314736
2 0.279863 0.588063 0.0167123 0.0205479 0.336065
2 0.396575 0.638943 0.0112329 0.0362035 0.361119
2 0.405068 0.612035 0.0128767 0.0205479 0.364766
2 0.375205 0.662427 0.0134247 0.0420744 0.538455
2 0.405479 0.70499 0.0219178 0.0831703 0.636318
2 0.492603 0.863258 0.0652055 0.249022 0.647039
