2 0.235657 0.740568 0.0178424 0.0308672 0.278226
2 0.44263 0.811612 0.0150974 0.0210681 0.287219
2 0.284106 0.77413 0.0247049 0.0450759 0.321503
2 0.259264 0.631553 0.0672523 0.066634 0.349144
2 0.312243 0.737874 0.0129015 0.0323371 0.394673
2 0.200933 0.875061 0.141093 0.241058 0.396325
2 0.293988 0.759187 0.0439198 0.0788829 0.463624
2 0.460747 0.930181 0.0271754 0.134738 0.482484
2 0.174581 0.910338 0.0900357 0.173444 0.521582
2 0.188718 0.808917 0.0277244 0.0489956 0.528372
2 0.433846 0.662175 0.0172934 0.0769231 0.707153
2 0.501647 0.902499 0.0568213 0.185203 0.754885
