2 0.246301 0.684442 0.0147945 0.0293542 0.256318
2 0.0528767 0.851027 0.103562 0.129648 0.28039
0 0.274932 0.677104 0.0364384 0.0264188 0.284267
2 0.246301 0.581458 0.0164384 0.0298434 0.286512
2 0.20137 0.606654 0.0142466 0.0205479 0.331003
2 0.18137 0.66047 0.0142466 0.0215264 0.338186
2 0.347945 0.579501 0.0147945 0.0181018 0.340041
2 0.257945 0.665362 0.0391781 0.0636008 0.365111
2 0.241644 0.652397 0.00876712 0.0210372 0.370032
2 0.190411 0.692759 0.0421918 0.0782779 0.59502
2 0.0923288 0.71184 0.125479 0.109589 0.631939
2 0.183973 0.652642 0.0194521 0.0293542 0.645379
2 0.115753 0.908757 0.108219 0.172701 0.820795
