2 0.439061 0.55953 0.0139995 0.0421362 0.274172
2 0.316086 0.562959 0.0743892 0.055855 0.281875
2 0.405023 0.844439 0.0145484 0.101421 0.30258
2 0.417101 0.766536 0.0376064 0.270946 0.315232
2 0.525666 0.937776 0.00878397 0.0244978 0.344737
2 0.390887 0.585252 0.0307439 0.0749633 0.35968
2 0.474609 0.958109 0.0175679 0.0798628 0.364977
2 0.321301 0.792014 0.108976 0.378736 0.419081
2 0.432473 0.586232 0.0249794 0.0896619 0.466646
2 0.419846 0.712886 0.0277244 0.144047 0.508003
2 0.383475 0.597011 0.0241559 0.066144 0.518077
2 0.240598 0.621019 0.152347 0.121019 0.597007
