2 0.403102 0.714356 0.0227834 0.0538951 0.266474
2 0.421219 0.654091 0.0277244 0.0823126 0.295034
2 0.36975 0.645517 0.0164699 0.0622244 0.348164
2 0.155778 0.708966 0.0864672 0.0744733 0.366013
2 0.350947 0.669035 0.0507823 0.11024 0.390242
2 0.0933297 0.977462 0.0258029 0.0391965 0.395029
2 0.174032 0.77511 0.209717 0.22636 0.396439
0 0.357809 0.736894 0.0507823 0.0284174 0.42125
2 0.421905 0.679569 0.0279989 0.0548751 0.421488
2 0.358221 0.590152 0.0192149 0.033807 0.436136
2 0.346281 0.883635 0.104584 0.22391 0.447348
2 0.400906 0.60583 0.00905847 0.0269476 0.500454
2 0.367005 0.773395 0.0395279 0.0504655 0.50913
2 0.322674 0.601421 0.0293714 0.032827 0.51032
2 0.420121 0.637923 0.0205874 0.0480157 0.545579
2 0.471315 0.889515 0.0186659 0.22097 0.5703
2 0.26146 0.795198 0.0381554 0.101911 0.5716
2 0.442081 0.776825 0.0172934 0.066144 0.608312
2 0.196267 0.913278 0.0894867 0.165605 0.641562
2 0.464452 0.716805 0.0318419 0.0823126 0.665585
2 0.0333516 0.911073 0.0667033 0.135718 0.732551
