0 0.129564 0.763106 0.0559978 0.0161685 0.253237
2 0.278754 0.591867 0.0271754 0.0244978 0.338823
2 0.145759 0.778785 0.0263519 0.0298873 0.36143
2 0.271891 0.595786 0.0134505 0.0195982 0.3877
2 0.369201 0.985791 0.0170189 0.0254777 0.432472
2 0.496981 0.874816 0.0639583 0.22685 0.436656
2 0.343261 0.578148 0.0156464 0.0382166 0.510985
2 0.185836 0.721215 0.114192 0.149927 0.516826
2 0.314164 0.573003 0.0112545 0.0249878 0.555733
2 0.394318 0.833415 0.0387044 0.326311 0.726565
2 0.0511941 0.88927 0.102388 0.196962 0.737505
2 0.146857 0.709701 0.0565468 0.0700637 0.781138
