2 0.104384 0.787427 0.0136986 0.0190802 0.259085
2 0.305342 0.571184 0.0205479 0.0210372 0.291653
2 0.279178 0.614726 0.00657534 0.0141879 0.302321
2 0.364247 0.535225 0.010137 0.0205479 0.383478
2 0.19863 0.863748 0.0465753 0.0768102 0.412924
2 0.119589 0.780333 0.0446575 0.0322896 0.491106
0 0.566164 0.963063 0.111507 0.0591977 0.522877
2 0.252055 0.761252 0.0471233 0.0802348 0.562117
2 0.228493 0.81091 0.101918 0.180528 0.688055
2 0.304384 0.663405 0.0284932 0.0508806 0.752029
3 0.457123 0.801859 0.103836 0.393346 0.756203
