2 0.258356 0.566292 0.00986301 0.0220157 0.295403
0 0.363014 0.929061 0.060274 0.0166341 0.309949
2 0.194658 0.632094 0.0161644 0.0176125 0.330812
0 0.102192 0.747798 0.115068 0.0337573 0.338181
2 0.0953425 0.701321 0.059726 0.0513699 0.348799
0 0.415205 0.812867 0.139452 0.0308219 0.381786
2 0.337671 0.902153 0.0293151 0.194716 0.430122
2 0.151644 0.668297 0.0676712 0.0567515 0.516643
2 0.293562 0.625489 0.0150685 0.0210372 0.649667
2 0.229041 0.726761 0.0449315 0.0533268 0.693594
2 0.0852055 0.865704 0.159452 0.213796 0.694066
