2 0.365616 0.66683 0.0172603 0.0205479 0.277947
2 0.428767 0.614971 0.00712329 0.0264188 0.378147
2 0.375616 0.647016 0.00986301 0.0386497 0.476761
2 0.446301 0.657534 0.0164384 0.035225 0.499329
2 0.390411 0.700098 0.0367123 0.072407 0.511619
2 0.325069 0.831458 0.0123288 0.028865 0.550401
2 0.458493 0.758806 0.0293151 0.142857 0.55497
2 0.404384 0.633806 0.0060274 0.026908 0.594507
2 0.498356 0.91683 0.0306849 0.161448 0.635211
2 0.306438 0.757828 0.0424658 0.162427 0.643176
2 0.333836 0.670254 0.00849315 0.0381605 0.696815
