2 0.372329 0.591243 0.010411 0.0171233 0.253588
2 0.378082 0.620108 0.0191781 0.028865 0.282379
2 0.257808 0.792319 0.0224658 0.0366928 0.286127
2 0.407945 0.574853 0.0169863 0.0362035 0.30173
2 0.311507 0.668787 0.0257534 0.035225 0.32147
2 0.449041 0.619618 0.00821918 0.0220157 0.362123
2 0.32726 0.705969 0.0643836 0.121331 0.47502
2 0.453973 0.659736 0.0131507 0.0435421 0.496797
2 0.261644 0.735323 0.110137 0.146771 0.59238
2 0.273151 0.905822 0.0663014 0.176614 0.69003
2 0.409726 0.705969 0.0221918 0.159491 0.698648
2 0.0619178 0.845646 0.123288 0.145303 0.71806
