2 0.370411 0.617172 0.0169863 0.0337573 0.254859
2 0.247671 0.707681 0.0191781 0.0337573 0.270384
2 0.125205 0.716243 0.0936986 0.0831703 0.276896
2 0.196164 0.674902 0.0421918 0.0366928 0.315051
3 0.403425 0.597603 0.0446575 0.0650685 0.352036
2 0.448904 0.874266 0.00739726 0.0215264 0.37423
2 0.0664384 0.761742 0.132877 0.106654 0.46684
2 0.353562 0.639188 0.0468493 0.0709393 0.47504
2 0.292466 0.636742 0.0364384 0.0650685 0.477348
2 0.34726 0.578033 0.0271233 0.0445205 0.487985
2 0.363151 0.670988 0.00739726 0.0229941 0.546822
2 0.16863 0.821184 0.0441096 0.0562622 0.556929
2 0.0927397 0.84638 0.136164 0.139922 0.58444
2 0.228356 0.681996 0.0282192 0.0489237 0.618214
2 0.0508219 0.957192 0.0468493 0.0719178 0.629808
2 0.196712 0.755137 0.070137 0.0748532 0.677264
2 0.307397 0.75954 0.0454795 0.146282 0.741856
2 0.240411 0.922456 0.0386301 0.149217 0.773585
