2 0.38924 0.566389 0.0186659 0.0499755 0.331711
2 0.347104 0.673689 0.0118035 0.0146987 0.34065
2 0.351084 0.652376 0.0175679 0.0259677 0.353931
2 0.466511 0.708721 0.0145484 0.0200882 0.368945
2 0.42314 0.634248 0.0183914 0.0945615 0.373184
2 0.22605 0.642577 0.178699 0.157276 0.394287
2 0.2126 0.8927 0.104035 0.214601 0.394964
2 0.242108 0.827536 0.151523 0.32925 0.399286
2 0.0636838 0.795443 0.127368 0.180794 0.504872
2 0.421356 0.597011 0.0175679 0.0720235 0.516548
2 0.185973 0.676629 0.0979962 0.089172 0.544094
2 0.281362 0.598971 0.0719187 0.067124 0.568198
2 0.0933297 0.740323 0.0609388 0.0578148 0.599887
2 0.350673 0.706516 0.0145484 0.0499755 0.698418
