2 0.197914 0.798873 0.0236069 0.0406663 0.254181
2 0.534724 0.955904 0.0208619 0.0636943 0.263533
2 0.432199 0.83807 0.0699973 0.301323 0.325057
2 0.246363 0.756982 0.0485863 0.0597746 0.332296
2 0.248971 0.665605 0.0274499 0.0308672 0.33298
2 0.457727 0.725625 0.0211364 0.10681 0.362107
2 0.536371 0.791769 0.0208619 0.0538951 0.370169
2 0.50302 0.702352 0.0271754 0.0877021 0.401212
2 0.467335 0.618569 0.0139995 0.0759432 0.432834
3 0.42863 0.823371 0.0809772 0.315042 0.447589
2 0.288361 0.866732 0.0771342 0.232239 0.512726
2 0.18762 0.826311 0.0441943 0.099461 0.581416
2 0.177052 0.704067 0.0444688 0.0401764 0.588418
2 0.582624 0.902499 0.0458413 0.139147 0.616616
2 0.366868 0.712886 0.0266264 0.0970113 0.694931
