2 0.208757 0.686673 0.0321164 0.0318471 0.258279
2 0.433846 0.576433 0.0211364 0.0387065 0.263713
2 0.385259 0.61122 0.0282734 0.0318471 0.27077
2 0.437414 0.573493 0.00905847 0.0269476 0.308895
2 0.0548998 0.850074 0.0768597 0.0725135 0.413315
2 0.355613 0.66242 0.0183914 0.0382166 0.416954
2 0.377299 0.621019 0.0579193 0.0524253 0.430683
2 0.445512 0.771681 0.0142739 0.0636943 0.445857
2 0.384299 0.722685 0.0406259 0.0587947 0.511555
2 0.384024 0.678589 0.0247049 0.0401764 0.543683
2 0.370436 0.8317 0.0194894 0.137678 0.625699
2 0.460884 0.868937 0.0356849 0.253307 0.627437
2 0.429454 0.662665 0.0172934 0.0455659 0.691762
