2 0.25597 0.763596 0.0815262 0.11122 0.255882
0 0.418611 0.643312 0.0724677 0.0538951 0.265873
2 0.0533901 0.909603 0.10678 0.11514 0.275921
2 0.159209 0.841254 0.15866 0.169525 0.301023
2 0.518529 0.730524 0.0142739 0.0480157 0.307085
2 0.580016 0.803038 0.0318419 0.066634 0.31489
0 0.0533901 0.908868 0.10678 0.117589 0.335114
2 0.500274 0.952964 0.0282734 0.0911318 0.367526
2 0.0885259 0.949535 0.0288224 0.0989711 0.37218
3 0.46857 0.55806 0.0230579 0.0676139 0.409777
2 0.390749 0.912298 0.0848202 0.175404 0.428599
2 0.392122 0.789809 0.0425474 0.0391965 0.44834
2 0.447571 0.768986 0.0738402 0.122979 0.460135
2 0.169503 0.914748 0.118858 0.166585 0.497763
2 0.460198 0.675159 0.0156464 0.044096 0.575889
2 0.488471 0.630573 0.0118035 0.0568349 0.590593
