2 0.131485 0.763351 0.0768597 0.0901519 0.257068
2 0.363986 0.663645 0.0148229 0.0367467 0.275827
2 0.244716 0.659726 0.128191 0.11514 0.277673
2 0.476942 0.770456 0.0463903 0.136698 0.335535
2 0.456492 0.585497 0.0159209 0.0872122 0.337055
2 0.464178 0.681039 0.0203129 0.0627144 0.350497
2 0.32185 0.67026 0.0562723 0.0783929 0.40796
2 0.557782 0.785644 0.0658798 0.118079 0.414008
2 0.577271 0.89417 0.0757617 0.196962 0.427998
2 0.495059 0.848849 0.0760362 0.291524 0.541232
2 0.422866 0.6122 0.0161954 0.0602646 0.569407
2 0.426846 0.778785 0.0153719 0.136698 0.592422
