2 0.408493 0.745597 0.0443836 0.0596869 0.292701
2 0.431507 0.659491 0.0191781 0.112524 0.295794
2 0.395342 0.743885 0.0147945 0.0523483 0.323643
0 0.418082 0.757339 0.060274 0.0391389 0.329519
0 0.383288 0.829256 0.132055 0.0332681 0.337465
2 0.467397 0.687622 0.00931507 0.0406067 0.338182
2 0.512329 0.861546 0.0476712 0.262231 0.340095
2 0.481644 0.663894 0.0246575 0.0821918 0.369398
2 0.49863 0.765166 0.0235616 0.0998043 0.372482
2 0.525616 0.953523 0.0249315 0.0812133 0.422851
2 0.436027 0.630137 0.0249315 0.148728 0.444907
2 0.20726 0.806018 0.108767 0.14726 0.50653
2 0.455753 0.832926 0.0227397 0.180528 0.606333
