2 0.313425 0.635763 0.0542466 0.0601761 0.25504
2 0.262192 0.699364 0.0657534 0.0954012 0.302671
2 0.451096 0.601272 0.0134247 0.0665362 0.304747
2 0.090274 0.943249 0.0649315 0.0978474 0.366374
2 0.403973 0.639677 0.0293151 0.108121 0.410176
2 0.449315 0.955235 0.0630137 0.0601761 0.4774
2 0.152329 0.86546 0.130959 0.208415 0.503859
2 0.395342 0.854941 0.0284932 0.170744 0.546288
2 0.242603 0.779354 0.0227397 0.037182 0.56344
2 0.442877 0.699119 0.0205479 0.0792564 0.584618
2 0.282192 0.679061 0.105205 0.136986 0.617082
2 0.126301 0.699119 0.0575342 0.0489237 0.625863
