2 0.38274 0.885519 0.0235616 0.228963 0.251851
2 0.446438 0.731164 0.0265753 0.165851 0.281115
2 0.213836 0.668787 0.0753425 0.0626223 0.288487
2 0.372055 0.635029 0.0252055 0.0362035 0.288876
2 0.40863 0.664384 0.0172603 0.0528376 0.343754
2 0.414521 0.589775 0.0136986 0.0494129 0.346059
2 0.366575 0.672211 0.0394521 0.0420744 0.348327
2 0.118082 0.800391 0.236164 0.290607 0.36339
2 0.0342466 0.775685 0.0684932 0.066047 0.373179
2 0.591781 0.924413 0.0663014 0.145303 0.401826
2 0.430959 0.902642 0.0257534 0.176125 0.555525
2 0.486986 0.928082 0.0260274 0.137965 0.625413
2 0.389863 0.827789 0.0361644 0.33953 0.656194
2 0.298493 0.832926 0.0879452 0.32045 0.808073
