2 0.258493 0.69863 0.0830137 0.121331 0.333948
2 0.326301 0.607387 0.0268493 0.0406067 0.353278
2 0.398493 0.866194 0.0183562 0.0543053 0.358297
2 0.204795 0.785714 0.152603 0.244618 0.40598
2 0.443562 0.943493 0.0273973 0.107143 0.411426
2 0.409863 0.615215 0.0164384 0.0445205 0.419901
2 0.402877 0.687378 0.0183562 0.0880626 0.434888
2 0.43274 0.923434 0.0490411 0.148239 0.47408
2 0.0857534 0.965753 0.0608219 0.0606654 0.509768
2 0.171644 0.844667 0.0835616 0.124755 0.527202
2 0.433425 0.770548 0.0273973 0.0939335 0.610026
2 0.367671 0.791096 0.0175342 0.142857 0.630506
