2 0.373456 0.712641 0.0200384 0.0485056 0.252209
2 0.270519 0.712641 0.0930552 0.139637 0.319296
2 0.352594 0.581333 0.0277244 0.0485056 0.3459
2 0.369613 0.614895 0.0299204 0.10681 0.355177
2 0.419984 0.772415 0.0378809 0.0877021 0.356514
0 0.560253 0.936306 0.0988197 0.0460559 0.3959
2 0.426846 0.649682 0.0406259 0.178344 0.45326
0 0.153445 0.790054 0.0834477 0.0465458 0.513059
2 0.296459 0.912788 0.0290969 0.155806 0.557365
0 0.0901729 0.927732 0.135877 0.0622244 0.570917
2 0.490804 0.89221 0.0658798 0.212641 0.625303
2 0.40571 0.839784 0.0142739 0.0715336 0.635728
2 0.0653308 0.83758 0.101016 0.145517 0.649029
2 0.439885 0.934101 0.0200384 0.11416 0.655396
2 0.354104 0.78344 0.0554488 0.170505 0.668114
