2 0.523058 0.882656 0.0293714 0.0906418 0.256269
2 0.285067 0.603626 0.0343124 0.0548751 0.256455
2 0.262284 0.659971 0.0694483 0.0960314 0.269063
3 0.387044 0.677854 0.0329399 0.1073 0.272115
2 0.381142 0.686183 0.0227834 0.0906418 0.316074
2 0.321576 0.792749 0.0107055 0.0421362 0.347261
2 0.360554 0.758207 0.0359594 0.0494855 0.360271
2 0.284656 0.781235 0.0538018 0.11514 0.386694
2 0.427121 0.963988 0.0153719 0.0710436 0.438253
2 0.174993 0.906908 0.0771342 0.154826 0.441701
2 0.152072 0.822391 0.0290969 0.0622244 0.458979
2 0.570546 0.928221 0.0425474 0.134738 0.465727
2 0.377985 0.913033 0.0247049 0.173934 0.58125
2 0.220285 0.88633 0.0947022 0.22048 0.595838
2 0.141093 0.914013 0.0576448 0.1073 0.629186
