2 0.366868 0.597746 0.0304694 0.066634 0.312513
2 0.244853 0.642332 0.0807027 0.0685938 0.344298
2 0.307302 0.601911 0.0255284 0.0279275 0.364451
2 0.0329399 0.824106 0.0620368 0.0685938 0.409124
2 0.166072 0.734934 0.0581938 0.0578148 0.441732
2 0.248284 0.744978 0.0952512 0.155316 0.454273
2 0.132446 0.926262 0.10129 0.135718 0.544546
2 0.342438 0.72391 0.0403514 0.152376 0.600924
2 0.391985 0.774375 0.0225089 0.0720235 0.603071
2 0.389926 0.952229 0.0172934 0.0867222 0.631917
2 0.2535 0.960314 0.0452923 0.0764331 0.793012
