2 0.40571 0.904459 0.012627 0.0499755 0.25606
2 0.356163 0.643557 0.107329 0.126899 0.276201
2 0.344496 0.710926 0.0236069 0.0489956 0.293359
0 0.237304 0.797158 0.321438 0.0970113 0.33925
2 0.0483118 0.83366 0.0966237 0.136698 0.34164
2 0.314164 0.681529 0.0315674 0.055855 0.342045
2 0.324732 0.660461 0.0538018 0.0803528 0.370579
2 0.334203 0.962273 0.0266264 0.0754532 0.380429
2 0.144798 0.739098 0.0463903 0.0436061 0.396479
2 0.06437 0.958354 0.0310184 0.0715336 0.448087
2 0.158798 0.914258 0.0535273 0.120529 0.457981
2 0.435218 0.94635 0.0189404 0.0759432 0.527468
2 0.492589 0.828025 0.0941532 0.280255 0.579526
2 0.367691 0.852033 0.0381554 0.295933 0.649876
2 0.155915 0.870162 0.0603898 0.0764331 0.691941
2 0.160307 0.953454 0.0548998 0.0911318 0.70299
