2 0.2465 0.634738 0.0763107 0.0720235 0.260332
0 0.0811145 0.814062 0.162229 0.0592847 0.269543
2 0.124348 0.719255 0.118035 0.10779 0.313471
2 0.262147 0.628123 0.0378809 0.0548751 0.319567
2 0.420395 0.821411 0.0376064 0.348359 0.337754
2 0.139171 0.829985 0.0307439 0.0382166 0.348698
2 0.179797 0.720725 0.146582 0.204802 0.357164
2 0.391847 0.66389 0.0183914 0.0989711 0.363011
2 0.57384 0.930916 0.0365084 0.132288 0.42843
2 0.373456 0.846889 0.0277244 0.306222 0.432589
2 0.468295 0.751592 0.0636838 0.135228 0.621853
2 0.314027 0.67124 0.0889377 0.157766 0.660717
2 0.290283 0.805488 0.135328 0.389025 0.77013
