2 0.334752 0.640372 0.0244304 0.0519353 0.264923
2 0.382103 0.61563 0.0230579 0.0622244 0.281662
2 0.392808 0.577413 0.0236069 0.0367467 0.295811
2 0.412435 0.735669 0.0227834 0.166095 0.300971
2 0.0380181 0.826066 0.0749382 0.0646742 0.305239
2 0.317595 0.601421 0.0318419 0.033807 0.3141
0 0.115564 0.848359 0.228383 0.121999 0.318054
2 0.410788 0.780255 0.0200384 0.0641842 0.349319
2 0.413945 0.686918 0.0175679 0.0930916 0.351892
2 0.287812 0.717295 0.0562723 0.0823126 0.447903
2 0.372083 0.683244 0.0266264 0.0828025 0.545796
2 0.218227 0.851788 0.0757617 0.136698 0.650346
2 0.460747 0.795198 0.0480373 0.325331 0.681366
2 0.358907 0.897844 0.0513313 0.198432 0.747934
2 0.435081 0.960069 0.0236069 0.0798628 0.75976
