2 0.262833 0.794464 0.0524293 0.130818 0.256908
2 0.46459 0.715336 0.0282734 0.0783929 0.402373
2 0.113368 0.898334 0.0258029 0.0396864 0.439996
2 0.0986824 0.970358 0.0326654 0.055365 0.447846
2 0.419572 0.653356 0.0288224 0.103381 0.484964
2 0.188581 0.752327 0.215756 0.240568 0.545906
2 0.344634 0.675649 0.0634093 0.11661 0.579239
2 0.213149 0.882411 0.133132 0.2244 0.613382
2 0.353829 0.845174 0.118584 0.309652 0.677531
2 0.0356849 0.916708 0.0708207 0.136208 0.68014
2 0.472001 0.880451 0.0266264 0.233219 0.709573
