2 0.344384 0.591732 0.019726 0.0308219 0.266516
3 0.399589 0.57999 0.0287671 0.0699609 0.293684
2 0.35411 0.641145 0.0413699 0.0543053 0.296439
2 0.227397 0.68591 0.0279452 0.0459883 0.325118
2 0.186712 0.673679 0.080274 0.0626223 0.337202
2 0.289452 0.638943 0.0419178 0.0636008 0.400356
2 0.0680822 0.756849 0.135068 0.113503 0.461636
2 0.193973 0.773973 0.0926027 0.125245 0.520365
2 0.0508219 0.958659 0.0457534 0.0591977 0.560958
2 0.0894521 0.84638 0.12411 0.129159 0.569298
2 0.30726 0.759785 0.0468493 0.145793 0.701653
2 0.239589 0.919521 0.0419178 0.151174 0.781994
