2 0.490804 0.636698 0.0153719 0.0622244 0.254229
2 0.519627 0.746938 0.0274499 0.0877021 0.261665
2 0.0879769 0.952719 0.0266264 0.0847624 0.281898
2 0.459923 0.674179 0.0167444 0.0538951 0.298576
2 0.389102 0.912298 0.0826242 0.166585 0.309582
2 0.142602 0.946595 0.0595663 0.101911 0.341167
2 0.167307 0.920137 0.105133 0.151886 0.382544
2 0.0435081 0.914748 0.0864672 0.11073 0.419677
3 0.464727 0.562224 0.0323909 0.0690838 0.422939
2 0.40969 0.844439 0.126544 0.303283 0.528363
2 0.175954 0.856933 0.180071 0.269476 0.620221
