2 0.313973 0.703033 0.0745206 0.228963 0.253039
2 0.112603 0.708415 0.113973 0.0890411 0.258135
2 0.369589 0.67319 0.010411 0.0489237 0.263656
2 0.24726 0.658757 0.0616438 0.0934442 0.268524
2 0.472877 0.720401 0.0235616 0.0768102 0.272171
2 0.443288 0.677593 0.0542466 0.0900196 0.283905
2 0.459315 0.707192 0.0506849 0.103229 0.301073
2 0.430685 0.656067 0.0273973 0.0440313 0.306965
2 0.258082 0.956213 0.0328767 0.0738748 0.325613
2 0.343562 0.623288 0.030137 0.0861057 0.335402
2 0.412055 0.825342 0.0213699 0.092955 0.368223
2 0.0815068 0.732143 0.159178 0.119863 0.416615
2 0.477671 0.733121 0.0150685 0.0523483 0.421442
2 0.261233 0.624755 0.0545205 0.0645793 0.440906
2 0.323425 0.623288 0.0446575 0.0851272 0.442806
2 0.0161644 0.825832 0.0323288 0.0391389 0.447829
2 0.359589 0.869374 0.0221918 0.24364 0.493951
2 0.421918 0.957192 0.0246575 0.0856164 0.535892
2 0.291233 0.810176 0.0969863 0.367906 0.605676
2 0.41863 0.917808 0.0312329 0.163405 0.645512
2 0.500137 0.855186 0.0742466 0.175147 0.725283
