2 0.376613 0.928466 0.0312929 0.140127 0.263466
2 0.50302 0.67026 0.0529783 0.0911318 0.279271
2 0.61625 0.886575 0.107604 0.216071 0.3001
2 0.548037 0.816022 0.0348614 0.132778 0.314762
2 0.485863 0.973787 0.0170189 0.0494855 0.322098
2 0.0351359 0.790299 0.0675268 0.0617344 0.343438
2 0.377711 0.723665 0.0197639 0.0734934 0.455636
2 0.516607 0.94145 0.0279989 0.1122 0.478274
2 0.103761 0.827046 0.207521 0.165605 0.480497
2 0.237304 0.869427 0.153994 0.239588 0.607518
2 0.36275 0.666585 0.0249794 0.0465458 0.609418
3 0.432061 0.796913 0.144935 0.388535 0.651582
2 0.110898 0.920137 0.0625858 0.0823126 0.720065
