2 0.3875 0.855528 0.0264851 0.0628993 0.250094
2 0.335891 0.609828 0.020297 0.125799 0.264642
2 0.243564 0.67199 0.0168317 0.0535627 0.271898
2 0.361634 0.729975 0.0287129 0.111548 0.275155
2 0.358168 0.675921 0.0336634 0.131204 0.277888
2 0.20198 0.831695 0.0257426 0.0702703 0.284163
2 0.207054 0.56855 0.0695545 0.0589681 0.310615
2 0.278589 0.607125 0.0126238 0.0398034 0.326684
2 0.332054 0.580344 0.0136139 0.0727273 0.339346
2 0.378465 0.812285 0.0490099 0.159214 0.383883
2 0.360767 0.759214 0.0205446 0.0658477 0.405591
2 0.0751238 0.692629 0.150248 0.191155 0.440003
2 0.173391 0.896069 0.0839109 0.192138 0.580338
