2 0.470548 0.887965 0.040274 0.207436 0.284154
2 0.319589 0.650196 0.030411 0.0508806 0.319845
2 0.398082 0.616683 0.020274 0.084638 0.392154
2 0.106712 0.707192 0.125753 0.107143 0.424218
2 0.258493 0.72774 0.0232877 0.0445205 0.461948
2 0.44 0.676614 0.0208219 0.072407 0.465479
2 0.423288 0.595401 0.0191781 0.0596869 0.472011
2 0.393973 0.92001 0.0230137 0.141389 0.472549
2 0.393562 0.825832 0.0243836 0.328767 0.475515
2 0.460685 0.846624 0.0671233 0.287182 0.51114
0 0.551644 0.966732 0.113151 0.0450098 0.515903
2 0.136849 0.936644 0.0643836 0.101272 0.682196
