Norway_010110 1 321.9993055 1501.9994535 848.9993285 1989.0004225000002
Norway_009151 1 0.0 1536.0004725 454.99977099999995 2002.9996415 1 -0.0018215000000054715 1349.99904 814.9992095 1905.000006 1 896.9994965 1548.000532 1511.9998274999998 2038.99982
Norway_009235 1 0.0004039999999747579 1255.999965 491.999684 1578.9992349999998
Norway_009533 3 1096.998375 1258.999014 1560.999999 1895.9991959999998
Norway_010158 1 1501.9992725000002 1727.0008434 1548.9992275 1838.0008765999999 3 1.9994700000000023 1604.9988779999999 487.00051999999994 2004.9994579999998 1 1151.00122 1423.0000960000002 1210.00128 1499.0001040000002 1 1534.99947 1857.9999858 1594.99963 2001.9999902 1 1497.0009625 1864.0009654 1589.0010375 2034.0010585999999
Norway_010136 1 1542.99829665 1602.00131 1696.99847135 1958.0006939999998 1 1331.00046905 1484.0006909 1514.00038095 1661.0007011 1 59.99984570000004 1501.9994534999998 612.9999597 1931.9993745 1 1329.9991905 1476.000175 1716.0005414999998 1968.9996429999999 3 68.00023800000002 1491.0005044999998 773.000884 2018.0009915
Norway_008688 1 3242.0013287499996 549.00052805 3289.00149325 688.00058795 1 3231.00056165 912.0004399999999 3381.00072235 1094.000492
Norway_010003 1 1864.9996058 1482.9997844999998 2110.9997382 1729.9995635
Norway_008920 1 862.0006490499999 1488.001255 1053.0005889499998 1755.000793 1 1641.0013718999999 1380.00082155 1744.0013681 1540.0007304499998 1 365.99964165 1792.9997228 459.99960634999997 1873.9996651999998 1 299.9999571 1924.0006955000001 419.00000930000004 2037.0006605 1 1476.0007944000001 1227.9992855 1581.0007976 1438.9999065000002
Norway_008679 1 0.9990049999999826 1485.999242 383.00070500000004 1729.000182
Norway_009589 1 1563.000006 1280.9990550500002 1611.000174 1372.99896695
Norway_008804 1 916.0013845000001 1125.0002205 1299.0009035 1453.9992155 1 894.0007610499999 1606.0006495 1085.00070095 2030.0000305 1 1498.9981426499999 1398.9993680000002 1644.99828935 2036.99964
Norway_008988 1 758.99955995 1222.00027625 1036.99944005 1369.00023975 2 0.0 1601.00050565 591.0002470000001 1722.00057835 1 237.99901150000002 1357.99976 668.0005165 1577.9991499999999 1 886.00146165 1225.99900345 1024.00158035 1337.9990825500001 1 1462.9989274000002 1320.9994915 1599.9990426000002 2032.0002105
Norway_009931 1 1390.99927 1255.00078 1633.9992100000002 1602.00084
Norway_008971 1 1875.9989156999998 1573.99879 2196.9989462999997 2038.99982 1 1801.00102115 1498.0008283500001 1913.00104885 1651.00092365 1 1607.9994349 1265.0000642500002 1710.9994311000003 1413.00011775 1 1988.9982182999997 1729.9995635 2192.9982036999995 2033.0003004999999 1 1028.0003193 1339.9991605 1264.0004167 1733.9999235
Norway_009361 1 1177.9997514 1857.99996005 1262.9996846000001 2040.99989795
Norway_008212 1 968.9992020499999 1241.99983115 1183.99922595 1430.9999008500001 1 261.9987312 1807.99944 552.9986567999999 2036.99964
Norway_009625 2 516.998775 1571.000004 906.997625 1795.999436 1 517.9985099999999 1578.0009084 764.99839 1725.0008916 2 519.9985274999999 1577.9996820000001 764.9985724999999 1725.99959 1 133.99989499999998 1615.0005787999999 278.999795 1719.0005252 2 517.0015125000001 1836.0005159999998 683.0016875 1988.0005319999998
Norway_009880 1 2.0000069999999823 1311.0006325 939.0014649999999 2011.0003615
Norway_008169 1 386.99953300000004 1268.999914 1160.998599 2001.000482
Norway_008282 4 1210.99808 1906.0008412500001 1370.9982400000001 2012.00093875
Norway_010088 1 1551.0018 1126.9993602000002 1624.0018 1269.9994398000001
Norway_009065 1 634.99912595 1308.0007707 968.9992020500001 1475.0006973 2 3.9992853999999625 1859.99952775 374.0005804 1939.99958425
Norway_009561 1 1045.9996625 1538.0008504 1210.9997375 1723.0008375999998 1 1582.0016150000001 1261.0002188 1664.001785 1407.0002772 1 1313.0000825000002 1283.0000974 1391.0002175 1411.0000786 1 1459.00159725 1263.9994821999999 1493.00160275 1326.9994458 1 1616.9994574999998 1417.9994500000003 1728.9993425 1696.9993180000001
Norway_008490 1 1022.9992089 1362.9991895 1161.9993311 1520.9991225 1 1520.9994947 1256.9988340000002 1861.9995952999998 2032.9992800000002
Norway_008271 3 1314.9987737 1554.0000515 1643.9988323 2024.9995805 1 1449.9988819 1861.9996057 1548.9988641 2029.9996223
Norway_008317 1 1590.0004648000001 1525.000503 1800.0004712000002 2031.001141 1 510.00178500000004 1604.0004695 931.001437 2027.9998505
Norway_009760 1 604.998484 1335.00019125 756.998636 1491.00023875
Norway_010155 1 341.999938 1656.9996657499998 430.999926 1781.99974425
Norway_008729 1 1481.0008119 1201.00083545 1564.0007381 1358.00088255 1 1459.00164565 1203.0011175 1601.00177835 2034.0003904999999 1 -0.00018215000002896886 1492.0005945 363.99999894999996 1883.0010875
Norway_008236 1 1472.9989624 1171.9991439000003 1557.9988956000002 1348.9991541000002 1 538.9982435 1250.0012655 1033.9981545 1493.0006844999998 1 1061.99952755 1295.00072325 1254.99947445 1443.0007767499999
Norway_008625 1 297.00050000000005 1777.9999719999998 589.0005000000001 2015.9992439999999 1 1488.9997974999999 1348.000626 1571.9997025 1737.0003980000001
Norway_009842 1 1672.9996624 1452.00036215 1753.9995816 1641.00043185 1 1575.0004123 1800.9990141 1771.0003697 1986.9990179 1 1538.9991934000002 1308.99912585 1647.9992106000002 1438.99919215 1 0.001821500000062315 1270.9990735 912.0013704999999 1745.9989625
Norway_009401 1 1500.998625 1344.0002114000001 1537.998675 1400.0002926 1 1568.000215 1451.9993459999998 1649.000285 1696.999318 1 1600.0017725 1460.001095 1648.0018275 1589.001001 1 818.9984975000001 1421.000553 974.9984025 1609.000519 1 1641.9990375 1662.0006214 1696.9990624999998 1769.0005465999998
Norway_009754 1 1291.9980600000001 1162.0002625 1820.9997 2033.9997974999999
Norway_009752 1 1672.0003875000002 1273.000274 2123.0001445000003 1691.0011559999998 1 2147.9989569500003 1752.998572 2453.99893505 2035.99955
Norway_009653 1 -0.0018215000000054715 1258.999014 866.9993915 1673.9996260000003
Norway_009905 1 1249.0009106500002 1236.0000055 1379.00100135 1442.0001765000002 1 1255.00093165 1210.99908215 1377.00099435 1307.99903585 1 1280.00101915 1317.9993235499999 1360.0009348500002 1433.99935445 1 24.00190550000002 1389.9995785 908.0013565 1994.9989215
Norway_009917 1 1260.9999925 1103.999148 1368.0001074999998 1200.999212 1 761.999915 1462.9991320000001 987.9998850000001 1680.999908 1 1520.0012550000001 1296.0001418 1571.001245 1364.0001381999998 1 996.99823 1209.999966 1229.99817 1443.99913 1 417.99799999999993 1533.9995159999999 944.9996 2023.99946
Norway_009187 1 1422.9987873999999 1609.9989685 1551.9988746 2040.9989795000001
Norway_009984 1 0.0 1207.9995265000002 1158.998592 1945.9985935
Norway_009253 1 1443.998414 1685.0002482500001 1516.998386 1795.00034175 1 1329.99931 1303.99951 1652.9993299999999 1760.99946
Norway_008512 2 0.0 1659.9991824 613.000324 1768.9991956000001 1 1647.00048215 1856.9993598 1727.0003978500001 2029.9994182 1 156.00054600000004 1321.9995815 1173.0022840000001 1988.0003325 3 1465.00020945 1616.0005290000001 1749.00011055 2016.999881
Norway_009165 1 1603.9994350000002 1418.000472 1740.999265 1696.000824
Norway_008923 1 1503.0020080000002 1662.9989475 1609.001912 1911.9995124999998
Norway_008381 1 32.00193350000001 1311.0006325 940.0014684999999 1791.0009715
Norway_010144 1 1450.9988854 1195.0003975000002 1603.9990566 1494.0007745
Norway_008433 1 1525.00041945 1398.0002985 1837.00041855 1702.0011255 1 1274.0011803 1217.0004385500001 1494.0012217 1378.00043745 1 9.000760100000036 1390.9996685 644.9993431 1740.0004635
Norway_009104 1 1184.998415 1313.9996058000002 1263.9982850000001 1381.9996022 1 1262.9983674999999 1163.9993372 1405.9984325 1266.9993587999998 1 484.00094999999993 1379.999446 1127.99965 2017.999298
Norway_009925 1 1493.9982619999998 1751.00018225 1588.9984579999998 1879.0002577500002 1 1279.998452 1201.0006305000002 1356.998428 1282.0005495 1 1264.999548 1494.9990137500001 1330.999412 1675.99903625
Norway_008805 1 292.9988397 1749.000253 617.9988843000001 2025.000601
Norway_009530 1 1584.9984474999999 1931.0007304 1669.9985525 2040.0007096 1 1451.9990174999998 1693.001254 1666.9989824999998 2037.000322 1 1452.9993 1161.9996919999999 1526.9994000000002 1388.000684
Norway_008821 1 1471.00036 1332.0000925 1964.0015600000002 2035.0010175000002
Norway_009812 1 471.99983050000003 1459.9997555000002 846.0011395 1753.9996825 1 607.000303 1182.9993175000002 1051.001857 1472.9988845
Norway_009319 1 1560.00017765 1244.0007255 1646.00011435 1500.0013145000003
Norway_009552 1 -0.0008079999999779375 1390.000645 493.00039200000003 1897.0005449999999 1 3.000103999999993 1415.999805 335.00003200000003 1645.9995749999998
Norway_008367 4 2653.99922 1232.9993775 3261.9990199999997 1474.9995425
Norway_008603 1 2093.99843 1836.0001072 2254.99847 2032.0000848 1 1477.0017 1403.0005780000001 1550.0017 1609.00103
Norway_008966 1 0.9998999999999967 1408.0002200000001 331.00002800000004 1640.99958
Norway_008344 1 1325.9982657499997 1159.9994926000002 1372.99843025 1231.9994414 1 1496.9983178 1650.0005274999999 1654.9981421999998 2041.0010204999999
Norway_009442 1 1698.0015713999999 1445.9997200999999 1787.0015185999998 1585.9996659 1 1124.0013839 1727.0003140000001 1235.0014081000002 2041.0000000000002
Norway_009644 1 1259.00136 1199.9998175 1318.00152 1284.9997325 1 1409.999996 1356.00017025 1519.000004 1480.0002497500002
Norway_009666 1 1644.00015 1603.000868 1791.0002500000003 2027.0000519999999 1 1110.9997750000002 1277.0006508000001 1221.999925 1381.0005972 1 1415.9992499999998 1174.000016 1489.99935 1347.0000879999998 1 159.99957500000002 1336.000302 618.998025 1555.000594 1 900.9993974999999 1442.0006090000002 985.9995025 1533.0005110000002
Norway_009126 1 1542.99829665 1511.0002635 1696.99847135 2022.9994004999999
Norway_008315 1 1661.000146 1152.9994575 1912.0000940000002 1541.9998825000002
Norway_008222 1 6.000749600000006 1458.0005959999999 553.9990246 1779.000912 1 1581.9993439 1283.00066375 1660.9992561 1363.00072025 1 53.000185499999986 1275.9995235000001 952.9996925 1711.9999845000002 1 638.0004114999999 1216.0002465000002 1036.0018045 1458.9996655 1 1816.0012557999999 1483.0008050000001 2014.0012201999998 1884.000157
Norway_009194 1 1785.00145675 1863.0003252 1821.00144325 1924.0002348 1 1819.999865 1886.9997468 1898.999735 2032.9998051999999 1 1239.0003475 1143.0000988 1324.0004525000002 1213.0001492 1 1875.0000725 1933.0001711999998 1922.0000274999998 2032.0000848
Norway_009741 1 798.99860705 1539.999812 993.9985609500001 1769.000012 1 0.0 1274.9994335 829.00108 1696.9986345
Norway_009652 1 640.0004184999999 1351.001171 1082.0019654999999 1568.000291 2 14.00004899999999 1647.0008698000001 609.00031 1773.0007802
Norway_009424 1 1852.0002889000002 1709.0009391 1959.0002991000001 1894.0008529 1 975.9990444000001 1176.0006264499998 1100.9991176 1288.00070555 1 829.00053355 1249.0007672999998 1082.00069045 1445.0008547 3 1350.00126415 1274.000364 1470.0013198499998 1492.999664 1 1347.0003428999999 1307.9995461 1430.0002691 1492.9994599
Norway_008747 3 1.000003500000048 1531.999092 582.0002155 1812.99989 1 772.00106265 1884.0003611 914.00119535 2025.0003969000002 1 1344.00124315 1217.0003365 1492.0013968499998 1515.0006234999998 1 688.00076865 1937.9993021999999 770.0006913500001 2037.9993218 1 998.0000321500002 1309.99982815 1110.00005985 1452.99983985
Norway_008972 1 1463.9990400000002 1275.9989274999998 2218.0004 2028.9998025
Norway_009135 1 1092.0009774999999 1225.9999891999998 1191.0010225 1383.9999627999998 1 1113.9987975000001 1304.0008688 1197.9988025 1391.0008672000001 1 1083.999995 1205.0006486 1177.999905 1322.0006394 1 1418.999185 1362.0006974 1484.999215 1456.0007825999999
Norway_008488 1 1716.9998163999999 1669.9998783 1781.9996796 1818.9998177000002 1 1445.00159665 1617.9994844 1507.0014493499998 1817.9995236000002 1 1886.0004079 1876.0004575 1941.0002361000002 1945.0005445 1 1208.00186005 1271.9991635 1367.0016879500001 1481.9996945 1 1353.9985459 1145.9992530999998 1444.9985001 1286.9992889
Norway_008231 1 593.99898245 1706.0004649999998 873.99886955 2025.000601 1 1510.0000026500002 1376.999429 1599.99995335 1701.000015 1 745.9989680000001 1218.0000182999997 1122.000284 1411.9999257 1 1765.0010773000001 1703.0012155000002 1937.0009507000002 2038.0007505 3 583.0020405000001 1324.9998515 1255.0007495 2018.9990405
Norway_008518 1 1142.00126475 1258.99952425 1193.00144325 1314.9994617500001 1 1441.00158265 1280.9999735 1555.00161735 1494.0007745 1 1289.0012328 1330.0003015 1483.0011832000002 2041.0010205
Norway_009531 1 1183.0016825000002 1173.9994028 1259.0016175 1243.9994532
Norway_009180 1 -0.0003643000000010943 1327.0000315000002 687.0002187 1670.0002865000001 2 23.999901850000015 1675.0001242000003 380.00005495 1865.0000798 2 14.999688200000037 1665.9999265000001 638.0000472 1907.9992555 2 1179.0004835 1810.99971 1842.0009825000002 1947.9997939999998
Norway_009189 1 70.000245 1506.9999035 787.9991150000001 2027.9998504999999
Norway_009186 1 1.0004650000000197 1472.9994020000001 539.999615 1708.0001260000001
Norway_010013 1 1233.0017654 1217.00084675 1294.0016146 1296.00081325 1 1090.9983539999998 1310.999612 1543.998118 2028.99892
Norway_008420 1 1073.9980440000002 1088.0009469999998 1145.998116 1172.000863 1 1506.999588 1726.0005125 1690.999772 2035.0010175 1 1189.0000779999998 1285.0007500000002 1315.000002 1585.00045
Norway_009509 1 1458.99982415 1429.9997088000002 1522.9996838499999 1557.9997992 1 1482.0008154 1621.0009790000001 1635.0009865999998 2029.000961 1 1533.00008315 1238.999255 1633.0000688499997 1470.999725
Norway_008746 4 1791.999166 1855.00018 1880.999154 1935.0001000000002 1 1239.998816 1653.9991599999998 1329.9987039999999 2035.0 4 1473.9988480000002 1577.000865 1739.998912 1937.000505 4 1483.998858 1599.00125 1670.9987419999998 1812.0006300000002
Norway_009857 1 876.99997295 1328.0001215 1215.0000630499999 1656.9991165 2 1053.001864 1784.9997171500002 1482.001544 1882.99976085
Norway_008844 1 829.99881 1153.99935475 931.9987100000001 1266.9994452500002
Norway_009783 1 609.9998625000001 1269.999542 918.9997375 1417.9994499999998 1 1324.998545 1112.9994932000002 1418.998455 1194.9994588000002 1 237.00180000000006 1406.9996639999997 1036.0014 2018.0003199999999 1 986.9996025000002 1231.0003285999999 1267.9995975000002 1424.0003273999998
Norway_008755 1 1236.9994175000002 1174.9998385999997 1451.9993825000001 1308.9997773999999
Norway_009876 1 1628.9995083999997 1380.999789 1713.9994416 1516.9997829999998 1 1078.9984941500002 1393.9999385 1154.9983958500002 1463.0000255 1 1363.0003989000002 1453.0009624 1430.0002691 1562.0009756 1 910.9999098 1398.0002984999999 1161.0000562 1608.0008295 1 687.000583 1252.9994944999999 1091.001997 1468.0004755
Norway_009268 1 1670.9993825 1410.000256 1818.9992175 1660.999368 1 1005.9996775 1901.9998452 1103.9996225 2038.9997628
Norway_009604 1 1623.0013089 1157.9997208 1706.0012351 1329.9996892
Norway_009980 1 1404.9998472500001 1471.0000634000003 1438.9998527500002 1539.9999846 1 1217.000885 1102.0004225999999 1283.000915 1181.0004093999999 1 1685.0000524999998 1863.0000186000002 1820.0000475 2039.0000694
Norway_008741 1 1443.0011399999999 1249.0005825 2052.00286 2031.0002075
Norway_009455 1 2.0007355999999845 1347.000811 539.9989756 1621.0009790000001 1 1512.9992845499999 1354.9994900000002 1717.99927345 2041.0 1 1499.0017856499999 1311.9986815 1625.00186235 1524.9994825 1 1553.00015315 1631.9989075 1705.00032085 2026.9997605
Norway_008822 1 1351.9992675 1628.0007926 1393.9994145000003 1700.0007414 1 1192.9998039 1171.0002785 1299.9998140999999 1378.0005395 1 1401.9987139 1746.9994607 1480.9986261 1869.9995093
Norway_008711 4 1309.9990524999998 1457.0006052 1444.9990475 1518.0005148000002 1 1303.998635 1157.9993795999999 1367.9984650000001 1272.9993163999998 1 1294.0011025000001 1133.0003398 1355.0009975 1239.0003401999998 1 1155.9986175000001 1222.9989884000001 1224.9985825 1293.9989636 1 49.999525000000006 1383.00106 980.0012750000001 2017.0008039999998
Norway_009178 1 973.000872 1452.00027775 1031.000728 1571.0003622499999
Norway_009373 1 1424.9988724999998 1228.0000432 1473.9990275 1293.0000607999998 1 1510.00062 1401.9994268 1567.00048 1471.9994772 1 1498.999155 1240.0005715999998 1550.999245 1376.0005644 1 1506.0014975 1490.000372 1590.0015024999998 1865.0007879999998 1 1652.0004025 1871.0001324 1714.0003975000002 2039.0001716000002
Norway_009705 2 430.9993199999999 1676.99964575 1617.9998 1831.99969425 1 1390.00038 1242.0001825 1933.9984999999997 2035.0010175000002
Norway_010045 1 1274.0004517 1196.9985365 1543.0003003 1455.9993955000002 1 1339.0014078 1221.99986805 1533.0013582000001 1315.99995995 1 1445.9999608 1274.9994335 1603.9997852 1483.9998745 1 1254.0011103 1202.99897445 1466.0011237 1359.99902155 1 1322.99861955 1339.0007033 1523.99859445 1535.0007907000002
Norway_008521 1 1567.9985725 1054.9991536 1615.9986274999999 1131.9990864 1 1006.9997775 1227.0003228 1103.9996225 1297.0003732
Norway_009913 1 1500.9993550000002 1308.0007724 1551.999345 1421.0008596 4 1827.998475 1394.0003349999997 2009.998425 1489.000345 1 1474.0013999999999 1214.0010959999997 1548.0015 1426.0006879999999 3 1448.0006250000001 1591.000544 2081.001875 2044.0
Norway_009903 2 1430.0013620000002 1667.999086 2143.0020360000003 1942.999344 2 1783.0004117 1672.0005685500003 2108.0004563 1832.00047745
Norway_008248 1 1460.9988225000002 1147.0008200000002 1581.9988775000002 1333.000732 2 1796.0014800000001 1839.9990910000001 2104.00162 1955.9991570000002 1 1569.998955 1334.000248 1840.999045 2027.999568
Norway_009818 1 1537.9997199999998 1283.0003450000002 2119.0002 2034.000815
Norway_009597 1 1900.9984749999999 1504.000239 2010.998525 1620.000305
Norway_009359 1 1966.99887 1837.0008496 2023.9987299999998 2011.0008464000002
Norway_008733 2 1508.9983598 1543.0008984 1730.9984082 1606.0008536 1 606.99902795 1275.9995235 908.99899205 1433.9994565 1 1569.00020915 1324.9996474 1709.00033485 1479.9997186 1 215.00075249999992 1571.000561 890.0012935 2026.000691
Norway_009350 1 1407.0003574999998 1197.0000237999998 1446.0002425 1248.0000722 1 1429.0003675 1326.999548 1498.0003325 1423.9996119999998 1 1349.9994025 1481.9991340000001 1411.9993975000002 1595.999146
Norway_008929 3 771.99909 1593.999092 1108.99921 1896.0000919999998 2 1135.998625 1505.0005726 1901.9985749999998 1588.0006674
Norway_009684 1 1192.0003925 1128.9999252 1298.0004075000002 1231.9999467999999 1 830.00051 1338.9998719999999 1153.0006899999998 1659.000336 2 1160.001025 1869.0001806 2058.999675 1986.0001714 1 1228.0012550000001 1218.0009996 1425.001245 1333.0009363999998 1 933.9990475 1331.0006779999999 1164.9991525 1543.9997859999999
Norway_009166 4 3653.0021380000003 252.99984875 3962.0019420000003 423.99988125
Norway_010053 1 1231.0007260000002 1199.9987999999998 1341.000634 1410.9998099999998
Norway_010165 1 999.9993840000002 1337.9992725 1132.999416 2023.9998075
Norway_009658 1 1379.9993599999998 1222.0002025 2134.00072 2033.9997975
Norway_010073 1 800.9979749999999 1108.0004824 1208.998625 1293.0004695999999 1 -0.00036500000001638 1491.9994039999997 369.000035 1718.000396
Norway_008195 3 326.99985 1453.9994000000002 1343.99935 2037.9988160000003
Norway_009438 1 1489.0008398999998 1776.99981355 1564.0007381 1936.9997224499998
Norway_008677 1 1421.0006019 1476.00068525 1476.0004301000001 1579.00077075 1 1160.9996919 1654.0008874999999 1271.9997161000001 1894.0000365 1 1654.9995994 1277.9992952999999 1755.9995886000002 1473.9993827 1 1569.99839115 1675.999806 1665.9983628500001 2036.9996400000002 1 711.00084915 1739.0003735 827.0008908499999 2035.0004804999999
Norway_010183 1 -0.00018215000002896886 1458.9996655000002 331.99988695 1756.9999525
Norway_009149 2 533.998226 1522.0012535 2043.9998679999999 1808.0004605
Norway_008162 1 1457.99964 1289.9997275 1978.99804 2034.9989825000002
Norway_009732 1 1491.0018225000001 1384.9993766 1539.0018775 1480.9993114000001 1 1480.9989975 1306.999008 1563.9989025000002 1479.9990799999998 1 0.0 1754.0003459999998 108.99995 2003.999942 1 319.999515 1767.9997019999998 547.999685 2033.9997299999998
Norway_009628 1 95.00033250000001 1454.0002359999999 662.9986775 1817.00025
Norway_009454 1 1414.998688 1308.00082875 1499.998672 1439.00090125
Norway_010147 1 1415.00149165 1169.0002005499998 1485.00137235 1284.00014145 1 561.00068845 1239.9995491000002 917.00084155 1426.9996429
Norway_008336 1 1254.00092815 1196.9991488000003 1338.0008578499999 1323.9991492000001
Norway_009181 1 657.99884215 1677.0009165000001 793.9989538499999 1791.0009715 1 943.9992967 1189.0002657 1208.9991313 1311.0002243 1 170.99877699999996 1441.0000864999997 627.9985549999999 1696.0005855 1 1309.0009385 1430.9995947 1359.0011135000002 1506.9994952999998 1 653.00173905 1629.9991357 864.0017489500001 1797.9991522999999
Norway_008220 2 0.0 1674.0004344000001 1015.9993999999999 1783.0004136 2 0.0 1630.9992734 2130.0013 1800.9993665999998
Norway_008576 1 1441.0008375 1888.000898 1494.0006624999999 2023.0009659999998 1 1450.0002775 1628.0010320000001 1694.0002225 2021.000912
Norway_008360 1 904.9995245 1237.0009119 942.9996575 1323.0008961
Norway_008316 1 1350.0003534000002 1898.999466 1455.0003566 2033.9993699999998 1 1295.9994358 1497.0010444999998 1489.9993862000001 1877.0005474999998
Norway_009689 1 42.000146999999984 1704.0002849999998 268.0002094 2019.000061 1 255.00089250000002 1251.9994045 938.9996435 1645.0000775 1 1115.9995344 1208.00003675 1232.9995795999998 1331.99997125
Norway_009641 1 65.002049 1291.9999429999998 871.001227 1664.000767 1 514.9981594999999 1204.9992564999998 1109.9984205 1459.9997555 1 1241.9999754 1386.9993085 1310.9998526 1500.9993635 1 501.9997533500001 1288.9994689 864.99956665 1465.9994791 1 -0.0007285999999737669 1464.0001155 406.00069240000005 1803.0000105
Norway_008752 1 779.99963345 1627.999568 1079.99959055 2027.9988299999998
Norway_009950 1 1504.9999851500002 1159.9992885 1604.99997085 1371.9999995 3 1529.0002513 1430.000117 1713.0001667000001 1648.999417 3 1497.9992320499998 1388.9994885 1740.9993539499999 2007.0000015
Norway_009132 3 1644.0014274999999 1342.0007706 1889.0014725 1497.0007653999999
Norway_009141 1 1476.00188 1298.00033 2166.00156 2029.00082
Norway_009981 1 1351.0022600000002 1216.0010225 1996.00038 2035.0010175000002
Norway_009375 1 1510.0005 1231.0010075 2081.00198 2026.0002125
Norway_009146 1 1456.0007244 1270.9990735000001 1581.0007976 1980.9997025000002
Norway_009192 1 1582.0011654 1191.99941315 1671.0011126 1334.99942485 1 472.001652 1242.0005455 1001.0016820000001 1492.0005944999998 1 1567.9982019999998 1387.9993985 1979.999644 2040.9989795000001
Norway_009422 1 1533.0002200000001 1224.9997924999998 2114.99858 2028.0006174999999
Norway_010082 1 569.9996270500001 1712.9990540000001 728.99945495 1848.999048 1 560.0015957 1459.99944935 837.0014722999999 1656.99942265
Norway_009775 1 1409.99938 1463.0002562 1571.99952 1585.0002798 1 1540.0005175 1233.000076 1610.0005825 1462.9991320000001 1 1415.9983375000002 1467.0009774 1469.9982625000002 1574.0009026000002 2 1415.9992499999998 1508.0009602 1635.99935 1588.0008718 2 1158.000825 1660.9992658 1640.0015750000002 1728.9992622
Norway_008449 1 1519.0009449000001 1403.9987975 1614.0009131 1615.9995085
Norway_010103 2 1245.9988965000002 1814.0005922999999 1941.9976895 2008.0004997 3 1527.99933705 1379.0006294999998 1782.99950095 1630.0007685 3 1603.0001459999999 1410.9994275 2164.99847 2022.9994004999999
Norway_009936 1 1316.9996 1204.0006275 1993.99856 2033.0006125
Norway_008465 1 487.00125 1089.99877 915.00025 1303.999438 1 1342.0000625 1243.0003459999998 1434.0001375 1547.999894 1 471.99974999999995 1327.0005700000002 1073.00145 2024.9999980000002
Norway_008759 1 1302.9979700000001 1386.99902 1543.9981100000002 2010.9992100000002
Norway_009685 1 353.998334 1227.0007062500001 586.998466 1353.00078375 4 1401.001502 1550.9998735 1496.001698 1597.9998265
Norway_008232 1 1846.9984499000002 1521.00024505 1989.9985861 1704.0001829500002 1 78.00027299999999 1480.000535 659.9986670000001 1804.001121
Norway_008443 1 1146.9984200000001 1212.9993975 1228.9983 1470.9987325
Norway_009593 1 1042.0007225 1356.0007398 1091.0008775000001 1441.0006842 4 1408.9983674999999 1851.9995172 1622.9982325 2009.9994907999999
Norway_008947 4 836.9996507999999 1646.0001674999999 1070.9997412 1759.0001324999998 3 1531.0013512 1293.000033 1818.0012628 1977.0003629999999
Norway_008523 3 509.9999635 1559.0005015 1036.0018045 2030.0000305
Norway_008471 1 1379.00148 1234.0005975 2044.00164 2027.0014324999997
Norway_009279 2 2970.9994695 1881.0006013500001 3421.0010445000003 2033.00060665 1 26.001912500000003 1374.0001794999998 786.0009295 1800.9998305 1 1701.00176405 1604.9995390000001 1864.0016059499999 2017.999971 1 981.00106555 1477.0002650000001 1146.00091445 1701.000015
Norway_009443 2 1.0019250000000284 1816.9994920000001 2296.001475 1989.999564
Norway_008681 1 1399.99938 1230.9989725 2053.99862 2033.9997975
Norway_008334 1 18.999892500000016 1587.9995432 226.9998875 1728.9995688 1 26.000045 1630.9998866 158.000105 1730.9999294
Norway_009254 2 -0.0008080000000063592 1507.0007315 571.000672 1590.0006485000001
Norway_010124 1 1362.0009675 1239.9994474 1432.0010325 1308.9993685999998
Norway_008455 1 523.0000090000001 1472.999905 1080.998319 2024.000511 1 1022.0004804499999 1464.0001155000002 1374.00061955 2038.0007505
Norway_009105 1 858.9988170500001 1215.9998383 1053.99877095 1319.9998097 1 1009.9991633999999 1307.9995460999999 1162.9993345999999 1448.9995819 1 -0.0007286000000021886 1722.9989335 366.0005524 2024.9995804999999
Norway_008383 1 1315.00114165 1751.9995025 1429.00117635 2037.9987095 1 1736.00188655 1275.0006581 1929.00183345 1461.0006618999998 1 2048.998064 1588.9991195 2440.9994359999996 2030.0000305 1 1932.9987509 1530.000953 2059.9988311 1801.000851 1 1738.99898265 1936.99931425 1800.9988353499998 2037.9992197499998
Norway_009456 1 958.9988380000001 1407.0000175 1143.9989220000002 2026.0002125
Norway_009508 1 1229.0006584999999 1234.99981345 1279.0008335 1300.99983455 2 6.999660199999994 1778.0004138 642.0000612 1860.0004461999997 1 995.9983857999998 1315.0007884 1177.9982942 1514.0007376 1 666.9990558 1685.000616 860.9990061999999 1915.000906 1 1467.9989449 1403.9990016 1566.9989271 1567.9990664
Norway_009539 1 0.0 1498.9991835 506.99995299999995 1849.0000685 1 301.0010535 1338.9990705 868.9993985 1634.9991774999999 3 1432.99973315 1119.0002928 1584.9999008500001 1291.0002611999998 1 1504.00180315 1776.9997115 1572.00167685 2032.0002104999999 1 1802.0012067999999 1600.0001095 2012.0012132 2022.9994005
Norway_009506 2 1028.9994225 1747.0003614 1366.9992775 1799.0003346 3 1290.9977 1400.0010080000002 1666.9987999999998 2018.00032 3 501.9991 1614.000654 938.999 1972.0011220000001
Norway_008326 1 1421.99912 1236.9996729999998 1479.99908 1327.9995749999998 1 1347.9984725 1317.0006065999999 1396.9986275 1396.0005933999998 1 1430.0015625 1350.0002711999998 1523.0017375000002 1525.0001928 1 1682.0004824999999 1516.001074 1905.0005175 2033.000214
Norway_009267 1 1759.9990561500001 1236.0006178 1815.99888785 1363.0006182 1 1843.00116815 1435.00046495 1943.0011538499998 1614.00045105 1 271.9998591 1857.9994498 368.9998343 2030.9995082 1 1644.9995644 1320.9993894499999 1705.9994136 1430.99928855 1 1266.9986056999999 1692.0002255000002 1567.9985663 2032.0002105
Norway_008468 1 0.00018215000000054715 1641.9998074999999 266.00002025000003 1900.0005765 1 1280.00101915 1599.0000194999998 1420.00114485 2041.0010204999999 1 1679.0016870499999 1637.0003780000002 1838.00151495 2037.99973
Norway_008463 1 418.0007344 1865.00079415 515.0007096 2007.00071585
Norway_008777 3 0.0004039999999463362 1302.9993075000002 634.9995240000001 2006.0002325
Norway_008533 1 384.00200000000007 1307.9993024999999 1301.0012000000002 2023.9998074999999
Norway_009832 4 1210.99846 1859.000115 1311.9983399999999 1933.000069 4 1247.0005999999998 1729.0007952 1321.0007 1794.0008128
Norway_008206 1 1140.00114 1186.9992200000002 1222.00102 1393.99942
Norway_008342 1 511.00178850000003 1682.0003459999998 878.0012515000001 2033.99937 1 506.00013164999996 1957.00029785 616.00015235 2041.00030615
Norway_008288 1 1002.998882 1087.00003225 1120.998798 1235.0000877500001
Norway_008299 1 0.0 1134.0010305 1158.998592 1836.0009395000002
Norway_008387 1 1668.99973 1366.9992994 1756.99977 1511.9992286000002 1 1429.9997375 1132.000926 1484.9997624999999 1322.0009459999999 1 1531.000895 1161.000176 1626.000905 1393.999824 1 1595.0001775 1514.9995139999999 1693.0001225 1790.9987899999999 1 1433.0007675 1787.9992200000002 1575.0007325 2036.9993
Norway_008548 1 4.999952499999992 1534.000538 233.99985749999996 1910.0004700000002 1 1043.9998275 1425.001172 1214.9997725 1760.0005079999999 1 1046.0014875 1214.9998965999998 1172.0013124999998 1297.9999914 1 1446.9988825 1329.9994245999999 1521.9987175 1412.9995194 1 540.9991675 1280.0005274 829.9992325 1412.0006165999998
Norway_009892 1 1462.999746 1667.000775 1692.999774 2021.0012350000002
Norway_008588 1 903.9998800000001 1298.9994052 1063.99982 1456.9993788
Norway_009908 1 1490.0012077000001 1343.9995205 1795.0011823 2040.9989795000001 1 203.00253199999992 1589.9992095 757.000828 2028.9999405
Norway_008452 1 1630.9984225 1295.000213 2181.9985295 2029.000961
Norway_009204 1 1727.99906 1544.9997108 1830.99914 1724.9996652000002
Norway_009099 1 1850.9991925 1464.0001155 2378.9973975 2023.9994904999999
Norway_008196 1 1131.9986796500002 1109.9990746 1193.99853235 1227.9990814 1 300.0010500000001 1282.0000635000001 1033.999976 2020.9992204999999 1 -0.00018215000000054715 1597.9999295 155.99999955 1991.0006025 1 244.0008539999999 1195.0003974999997 1065.001906 1678.0010065
Norway_009249 1 497.99937504999997 1836.9989885 660.99921695 2040.9989795000001 1 1611.00035615 1389.00020285 1715.00035585 1563.0001471500002 1 300.99923199999995 1365.9994595 982.9979760000001 1937.9999145
Norway_009772 1 0.0 1508.999063 518.999995 1833.999739
Norway_008356 1 1250.00091415 1437.9990000999999 1306.00074585 1533.9990679
Norway_009511 1 986.999785 1310.0010307999999 1272.9999149999999 1490.0009852
Norway_008650 1 1175.0015624 1253.9992783500002 1264.0015096 1359.99922565 1 1350.0012641500002 1193.0008298 1434.0011938500002 1320.0008301999999 1 1387.99957565 1140.9999256499998 1473.99951235 1215.9999403499999 1 1461.0007418999999 1332.0004815 1544.0006681 1671.0003765 1 2.0000070000000107 1620.0006849000001 274.9998696 1752.0007271
Norway_009851 1 1554.00137 1161.9995898 1612.00133 1284.9995382 1 1631.9984025 1374.0001016 1693.9983975000002 1548.0000984000003 1 1721.0000025 1550.0009699999998 1855.9999975 2023.0009659999998
Norway_008909 1 0.0 1362.00012 541.000072 1688.000886 1 604.9990209499999 1233.99951935 914.99901305 1430.9994926499999 1 180.99881200000004 1358.9998500000002 994.998018 2037.99973
Norway_008580 1 1324.001 1631.9989937999999 1397.001 1796.9990542 1 1479.00117 1202.9997769999998 1536.00103 1280.9998389999998 1 739.00017 1247.9992546 869.0000299999999 1326.9992414 1 1320.9997875000001 1695.0003881999999 1375.9998125 1796.0003558 1 1270.998255 1219.0009244 1321.9982449999998 1290.0008996
Norway_009089 1 594.0002574999999 1316.0010825 1185.0005045 2017.0009015
Norway_008806 1 1255.998226 1342.0001842499998 1342.998414 1514.00021575
Norway_009447 1 3.998921100000018 1421.0003275 512.0006991 1727.0013344999998 1 1650.9988567999999 1264.999554 1824.9987372 1485.999034
Norway_008428 1 1458.9984399999998 1344.9992164 1503.99856 1394.9991356 1 1551.0005225 1936.9995638 1598.0004774999998 2042.9995642 1 1699.9984499999998 1467.999778 1846.99855 1602.999846 1 1407.00127 1622.0002568 1467.00143 1764.0002071999997 1 1714.9986724999999 1720.9998638 1761.9986275 1805.9998082
Norway_008559 1 1203.999585 1103.9989436 1343.999715 1205.9990404 1 240.00027500000004 1535.99957 782.9998250000001 1997.9987580000002
Norway_009349 1 357.999752 1511.0007275 634.999928 1809.0000225000001
Norway_010047 1 1882.0010740000002 1731.9996925 2176.001166 2033.9997975
Norway_009484 1 1634.0004366500002 1893.9993221500001 1736.00042935 2035.99924385 1 872.0014126500001 1475.99905245 998.00148935 1586.9990415500001 1 1505.9983493 1189.9989269999999 1673.9982086999999 1468.999545
Norway_008716 1 1364.0013131499998 1228.0003060000001 1452.00125685 1769.0000120000002
Norway_009107 1 1465.000135 1105.0008102 1531.0001650000002 1223.0007257999998 1 1824.00063 1813.0004059999999 1986.00077 2040.000914 1 1565.0008275 1376.0003599999998 1809.0007725 1744.999592 2 885.999175 1474.999456 1936.9984250000002 1817.9990080000002
Norway_008221 1 730.0012775 1926.000391 829.0013225 2042.000457 1 1063.9985425000002 1171.000446 1314.9984575 1391.99977 3 0.9999174999999951 1693.0012540000002 221.9997525 1940.000258 3 257.00014999999996 1728.9991599999998 784.00175 2044.0
Norway_008663 1 1281.0001119 1151.999589 1392.0001361000002 1287.9995829999998 1 744.99951095 1240.9996391 1038.99944705 1380.9995849000002 1 1073.0012054 1200.0003372499998 1166.0011666 1257.00036475 1 7.000024499999995 1612.0003731 233.0000869 1752.0003189000001 1 499.00028929999996 1441.0002906 711.0003026999999 1559.0002974
Norway_008361 1 1690.0015434 1498.00021605 1763.0014346 1592.00030795 1 1007.00006365 1409.9998477499998 1105.00004235 1489.9999042499999 1 0.000364300000029516 1553.999031 374.99985530000004 1828.999289
Norway_009379 1 2154.00151 1502.9991899999998 2476.00159 1721.999482
Norway_009224 1 1613.00036315 1259.0004427 1713.00034885 1426.0003692999999 1 1741.998811 1395.0000284999999 2122.998323 1777.9998014999999
Norway_009787 1 1350.99932 1234.0003074 1408.99928 1303.0002286 1 959.9981799999998 1234.0002052 1121.99832 1316.0001708 1 1626.0010875 1249.0000992 1681.0011124999999 1390.0001247999999 1 1462.0003825 1287.999006 1540.0005175000001 1608.998986 1 0.0 1595.0006519999997 403.00014999999996 1955.999668
Norway_009930 1 780.99854405 1302.99960635 999.99858195 1455.99970165
Norway_009369 1 497.99809999999997 1289.9997629999998 997.9998499999999 1647.999327 1 335.0011725 1546.9994215 858.0011815 2023.9994905 1 1443.0015896500001 1378.999609 1553.00161035 1687.998845 1 960.9982633 1614.9994184999998 1176.9982906999999 2040.9989795
Norway_009566 1 1084.9994259 1739.0003735000003 1183.9994081 2040.0009305 1 726.0003552 1563.0008615 993.0001968 2032.0002105 1 1544.9999429999998 1226.000126 2021.001609 2035.99955
Norway_008504 1 1768.9981769 1339.9991605 1899.9982711000002 1591.9993894999998 1 1740.0008076499998 1724.9991135 1830.00075835 2031.0001204999999 1 822.9996018 1615.9995085 1036.9996222 1919.0002455 1 1785.99841855 1623.999208 2042.9985894499998 2033.9993699999998
Norway_009441 1 1367.000054 1871.00087625 1440.0000260000002 2027.00092375 1 0.0 1178.00045 585.0000799999999 1528.0001000000002
Norway_008447 1 565.99888445 1441.0000865 929.99906555 1792.0010614999999 1 1270.00098415 1225.00013805 1358.0009278500002 1363.00010795 2 16.00187750000009 1784.0003415 1910.0012204999998 1997.0011425000002 1 1693.9999180500001 1587.9990295 1876.99982995 2024.9995805
Norway_008179 1 -0.000182150000014758 1643.000918 210.99982775 2004.0007520000001
Norway_008956 1 13.999320399999988 1427.00015315 380.0006014 1615.00013285 1 452.9983068 1330.0001994500003 626.9981872 1441.00018855
Norway_008553 4 3877.998222 1354.9996624999999 4035.998178 1609.9994075 4 3377.999742 560.0007627499999 3594.999858 749.00077725
Norway_009045 1 1566.0011094000001 1357.9997600000002 1719.0012806 1802.99899
Norway_009668 1 1652.9995924 1515.0006234999998 1745.9995536000001 1755.9998625
Norway_008274 1 1420.0005984 1185.0007221 1481.0004476 1280.0006999000002 1 1108.00041715 1860.0000380000001 1220.00044485 2041.0 1 1410.0014741500001 1179.0009985000002 1506.0014458500002 1516.0007135 1 1333.99938665 1514.9996030000002 1439.99939335 1889.000607
Norway_008809 1 1709.99924545 1210.0007269999999 2053.99935655 1570.000471 1 1804.0008494999997 1280.9999735 2775.0024264999997 2034.0003905
Norway_009522 1 2103.9988825 1895.0001672 2251.9987174999997 2036.0001928 1 1732.0007375 1958.9991358000002 1785.0005625 2043.9990802000002 1 1684.9993225 1921.9989544 1730.9991775 1996.9990376 1 1695.0014175 1927.999423 1765.0014825 2043.999489 1 1590.0007724999998 1956.9995927999998 1636.0006274999998 2043.9995912
Norway_008163 1 1306.99929215 1226.9993996 1398.9992498499998 1390.9994644 1 485.0009689 1606.9993108 628.0011051 1732.9992212 1 1442.0006753999999 1321.0005119999998 1555.0007066 1552.0008919999998 3 1299.0009035 1568.000291 1742.0006325000002 2025.000601
Norway_008416 1 1484.9989600000001 1333.9994800000002 2040.99992 2035.0000000000002
Norway_009607 1 1416.0005844 1112.000071 1493.0004895999998 1249.0001550000002 1 1137.99870065 1284.999313 1267.99879135 1520.000053 1 1420.00078055 1116.000431 1625.00076945 1385.000149 1 1554.9994315499998 1739.0003735 1715.99926645 2041.0010204999999 1 593.9998932 1631.0008585 872.9997768 1962.0000335
Norway_009673 2 386.0013510000001 1759.0006427499998 2113.001931 1928.00054525
Norway_008696 1 764.9995809500001 1239.0002755 1042.99946105 1353.0003305 1 1386.9986614 1246.0010075499997 1455.9985385999998 1361.00094845 1 1133.9988688 1180.9997498 1343.9988752000002 1307.9997501999999 1 464.99998815000004 1383.00027515 613.0001418500001 1481.00031885 1 524.0000124999999 1353.9994000000002 998.9998535 1592.00041
Norway_009586 1 1478.9997620000001 1407.9992025000001 1878.9997580000002 2016.9994075
Norway_008648 1 1422.9986724999999 1103.9999656000002 1471.9988275 1180.9998984000001 1 0.0 1399.00047 623.00025 1744.0010979999997
Norway_008881 1 280.9989 1597.000706 794.9992 2023.0009659999998 1 278.00006 1928.9998587999999 410.00012 2032.9998052
Norway_009615 1 1354.00108 1576.00065 1440.00092 2044.001022 1 1580.9987775000002 1324.9994940000001 1677.9986225 1663.9989380000002 1 643.0013375 1303.0006374 918.0014625 1431.0006186 1 1312.0007125000002 1260.999299 1404.0007875000001 1334.999253 1 1459.9994525 1304.0008688 1522.9995474999998 1412.0009232
Norway_008653 1 1512.000098 1676.99944225 1618.999902 1804.99951775 1 1315.9997 1112.9994975 1397.99958 1369.0004625000001 1 949.998526 1312.99960275 1017.998594 1421.99969725 1 1403.001302 1371.999035 1519.001418 1598.999215 1 1378.998652 1241.999165 1514.998788 1508.999305
Norway_008959 1 458.998136 1271.0005605000001 607.998184 1352.0004795
Norway_008913 1 1725.00022 1303.000944 2077.00038 1937.000688 3 2076.001375 1527.999354 2539.000225 2024.9999980000002 1 541.99872 1754.0007548 598.99858 1824.0008052 3 1732.0012849999998 1316.0007839999998 2090.001315 1995.001232
Norway_008630 1 2500.001464 1672.999536 2977.0013120000003 2036.9996400000002
Norway_008292 1 1271.9998982500001 1557.0001174000001 1321.00006975 1666.0001306000001 1 1446.0006894 1122.99953025 1551.0006925999999 1315.99955175
Norway_008192 1 277.0009695 1308.999432 716.0006844999999 1538.999722 1 1617.0007414499999 1713.999144 1961.00085255 1990.999582 1 -0.0018215000000054715 1305.0000925 738.9989435 1697.0006755
Norway_008249 1 1477.000605 1245.999916 1527.000495 1300.999868 1 1319.99914 1231.0002264 1436.9991599999998 1340.0002055999998 1 1521.001355 1347.999604 1718.001345 1559.9991960000002 1 884.0017125000002 1292.001158 1193.0015875000001 1584.0008659999999 1 832.001075 1355.0003040000001 1239.0016249999999 2021.000912
Norway_009248 1 2.9998283500000014 1573.0007409999998 213.99983825 1843.0005489999999 2 944.9996645 1892.0002647000001 2093.0000394999997 2015.0003133
Norway_008888 2 3313.0011575 1598.9995336 3644.0010425 1662.9996264
Norway_008957 1 1234.99972 1153.0004749999998 1768.99884 2030.0000049999999
Norway_009486 3 1524.001691 1405.0009285 1901.001189 2015.0007215
Norway_008306 1 0.0007285999999453452 1493.0006844999998 611.9992276 1972.0009335 1 1499.0008749 1796.9994705 1598.0008571 2037.9987095000001 2 450.99848195 1675.9992957499999 760.9984740499999 1755.99935225 1 408.9977885 1413.9986769999998 922.9995875 1696.9996549999998 1 1502.9999781499998 1884.0009734 1570.99985185 2038.0009546000001
Norway_008855 2 697.0003499999999 1678.0004402 2000.99935 1779.0004078000002 1 1197.00071 1370.9996118000001 1298.0005899999999 1552.9996202
Norway_009433 1 1512.0009204 1308.00026045 1601.0008676 1509.00018555
Norway_009862 1 1387.99856 1308.00032 2010.99888 2035.0
Norway_010186 1 1931.99965815 1933.0007911500002 2011.9995738500002 2030.00074485
Norway_010099 2 1071.0001055 1513.00013735 1730.9987724999999 1666.0002326499998
Norway_008489 1 632.0003905000001 1271.000094 1127.0003015 2035.99955
Norway_009311 1 0.0007286000000021886 1496.0009545 585.9991366 1871.0000075
Norway_009801 1 1489.9990219000001 1908.99965165 1568.9989341 2029.9997243500002 1 1444.0008645500002 1259.0000344999999 1637.0008114500001 1741.0005535 1 1420.9987804 1196.0004875 1545.9988535999998 1448.0007165000002 1 1632.9995224000002 1784.0003415 1737.9995256 2037.0006604999999 1 1408.0005563999998 1739.0003735 1481.0004476 1986.0001524999998
Norway_008534 1 1596.0001215 1301.998802 1966.0014165 2034.99946
Norway_009670 1 -0.0007285999999737669 1472.999905 508.00104939999994 1846.000819 1 1450.0016141500003 1251.0013554999998 1590.0017398500001 1492.0005945 1 1854.0010244999999 1515.999693 2300.0025855 2014.999701
Norway_008815 1 1302.00009 1182.0002424999998 1463.0001499999998 1454.0003775
Norway_009175 1 1895.0004394 1800.000761 1992.0004145999999 2022.000331 1 1438.9988434000002 1475.9997668 1491.9986646000002 1601.9996772 1 1267.9991556499997 1327.999101 1385.99920435 1563.999931 1 1585.9993579000002 1568.0013115 1700.9993961 1992.0006925 1 551.00138205 1364.9999818 758.0013779499999 1493.0000721999997
Norway_008528 3 11.999374999999986 1530.00043 682.000675 1961.000314 3 812.9973500000001 1487.999296 1414.99915 2044.0
Norway_010194 1 1265.0016699999999 1442.000098 1323.00163 1662.9994219999999 1 1264.9996624999999 1418.0004720000002 1428.9996375 2026.000536 2 1314.9982750000001 1639.0002048 1786.998025 1747.0002591999998
Norway_009247 1 1612.9985100000001 1358.0009982000001 1716.9986900000001 1476.0009138 1 1254.0003875 1380.0005701999999 1380.0002124999999 1519.0005418 1 56.00085500000003 1627.0004940000001 443.999505 2020.9998900000003 1 895.0009875000001 1562.9997879999999 1024.0011125 2035.000268
Norway_008396 1 1209.9995940000001 1701.0005374999998 1423.999606 2030.0010224999999
Norway_009746 1 1155.999136 1394.9996224999998 1266.998944 1826.9995975
Norway_009330 1 1557.00016715 1261.9994881 1612.9999988499999 1401.9994339000002
Norway_010121 1 471.99983050000003 1237.999165 1002.9998675 1565.000021
Norway_008358 1 1258.0000459999999 1829.00030775 1326.0001139999997 2018.00032225 3 1251.9994339999998 1310.9988925 1587.999366 2033.9997974999999
Norway_009323 1 1633.0013439 1732.9998335 1732.0013261 2034.0003904999999 1 622.0005376500001 1587.9998459 748.00061435 1718.9997981 1 994.0002003 1458.0003919 1174.0001017 1636.0004921 1 1544.9983036499998 1273.0009883500002 1614.99818435 1426.00108365 1 1726.9991228 1647.0002575 1944.9991572 2041.0010205
Norway_009444 1 1473.0021800000002 1368.999445 2038.0002200000001 2030.0000049999999
Norway_008503 1 744.0011468 1747.0010935 910.0009992 2035.0004804999999 2 137.00230099999987 1609.9992746500002 1849.0010069999998 1775.99931535
Norway_010074 1 1545.0012180499998 1161.9994685000001 1724.00111595 1725.9992035
Norway_008411 1 12.998223999999993 1339.9991604999998 813.999206 2000.9994614999998
Norway_009459 1 1491.00038 1275.00076 2068.99914 2019.00083
Norway_008535 1 2061.9984738000003 1809.9985995 2311.9986202 2023.9994905 1 1609.99889545 1345.9997005 1937.9989505499998 2040.9989795000001
Norway_008958 1 1486.0017401500002 1353.00002435 1542.0015718500001 1458.99997165 1 664.0005025 1477.9993345 1034.9999795 1962.0000335000002
Norway_009596 1 8.000027999999986 1700.0009455 504.99994599999997 2033.0003004999999 1 1826.9983799 1265.9986235 1917.9983341 1569.9994504999997
Norway_008597 1 898.0009572 1189.000878 1201.0009248000001 1497.0000240000002 1 460.99851695 1278.99928325 818.99867705 1471.99930475 1 478.99985499999997 1347.0008109999999 1060.998249 1979.000543 1 1697.9999320499999 1565.000021 1941.00005395 1780.999051 1 0.0 1302.000843 765.999038 1849.001089
Norway_010157 1 1542.0010254 1208.99931035 1603.0008745999999 1314.99925765 1 1.000003500000048 1490.0004145 461.9997955 1773.9994414999999
Norway_008921 1 955.0007824999999 1197.000637 1104.0007174999998 1364.000547
Norway_010038 1 1402.99908 1222.0002025 1911.9986800000001 2018.0006275
Norway_009778 1 1221.0016500000002 1178.0002262000003 1293.00155 1241.0001898 3 1405.9998925000002 1113.9995202 1510.9998075 1256.9995998 1 1217.0014324999997 1255.0003634 1368.0015675 1366.0003966 1 778.99906 1354.9999974000002 880.99904 1449.0000826 1 534.99875 1312.9998854 827.99885 1440.9998666000001
Norway_009208 1 1455.0014495 1795.0008212500002 1501.0016105 1897.00081675 1 1102.0020355000001 1183.9994075 1493.0015825 1443.0002665000002 1 1211.99895965 1400.9999561999998 1297.99889635 1500.9999758 2 278.999155 1527.9994463500002 1449.997789 1725.9995096500002 1 -0.00018215000000054715 1561.9997509999998 351.99995695 1841.0003689999999
Norway_008242 1 395.0011750000001 1682.999962 783.9999250000001 2034.999246 1 608.99885 1395.9998779999999 1123.99925 1770.0007779999999 2 940.0007425 1809.000298 1193.0008575 2028.00059 4 2378.9990075 1551.000486 2709.9988925000002 1665.0004979999999 1 948.0013599999999 1818.999546 1197.0014399999998 2033.0002140000001
Norway_009292 3 138.99984750000002 1587.9993387999998 502.0000125 1767.9992932 3 1377.9991 1369.9991759999998 2101.9985 2044.0
Norway_010060 2 0.0 1632.9990995500002 1827.0009300000002 1793.99909845
Norway_008514 1 1695.00065015 1406.9996798000002 1771.00055185 1487.9996222 1 1774.0018373999999 1537.0001542999998 1859.0017706 1733.0002417 1 1723.0016589 1425.9997569999998 1862.0017811 1739.999443
Norway_008197 2 250.99905699999988 1445.99941395 1841.9991609999997 1624.99940005
Norway_009091 1 1921.9994799999997 1750.0003402 2007.9993199999997 1872.0003638
Norway_009873 1 443.00155050000006 1432.000297 1002.9998674999999 2024.0005109999997
Norway_010123 3 1279.99926 1444.9995725 1813.0005 2023.9998075
Norway_009197 2 2271.000435 1930.9998106 2557.0005650000003 2030.9998534 4 515.0011300000001 1801.999598 749.00117 2024.0004820000001
Norway_008312 2 1185.9999750000002 1573.0006712 1577.999025 1672.0005848 1 690.9999325 1503.000212 842.0000675 1655.0002279999999 1 1621.0005875 1424.9993323999997 1677.0007125 1516.9993636 1 1438.0012674999998 1499.0006150000002 1581.0013325 1649.000577 1 858.9993949999999 1471.0004721999999 1027.999505 1669.0005038
Norway_009494 1 1358.0003814 1835.00013515 1451.0003426 2023.00011485 1 1544.0003038 1500.9993635 1774.0003802 2025.9996705000003 3 1351.9974459999999 1340.0001809999999 1763.998888 2020.0001510000002 1 0.0 1210.9997965 905.001346 1687.9998655000002
Norway_009946 1 5.998199499999998 1268.999914 976.9997765 1989.999492
Norway_008328 1 606.9999387 1648.0003475 903.9998853 1987.0002425 2 691.998779 1532.9996922500002 1781.998951 1635.99977775 1 587.99969005 1658.0012475 770.9996019499999 1947.0007245 1 746.9984250499999 1664.9998365 941.99837895 2039.9988895
Norway_008457 1 1539.0010149 1255.0008991 1602.0008711 1351.0009669 1 2764.00074865 1193.00072775 2890.00082535 1317.00066225
Norway_008686 1 445.99861 1704.0010399999999 767.99869 2031.0001599999998 1 1226.000106 1147.00082 1258.000094 1202.000772 1 512.999105 1286.9990811999999 783.999195 1410.9991588
Norway_008902 1 288.9991899999999 1264.0004844999999 1274.998998 2003.9997315 1 1544.00012165 1190.000968 1642.0001003500001 1412.000538
Norway_009111 1 155.99872450000004 1483.9998745 794.9991395 1906.9991655000001 1 0.0 1452.000056 579.0002049999999 1853.999498 3 1438.00157215 1059.0009137499999 1554.00161385 1229.00090625 1 1655.0017852 1502.9995435 1978.0018228 2028.9999404999999 3 1437.00156865 1104.9994410000002 1575.0016873499999 1375.9993390000002
Norway_008612 1 561.999625 1243.000346 1188.0001750000001 1759.999486
Norway_009598 1 1205.0007566499999 1145.9999674499998 1295.00070735 1258.00004655 1 0.0 1444.0003564999997 290.9999256 1693.0003155 1 3.998192500000073 1185.9995875 1047.0000215 1942.0002745000002 2 2.0000070000000107 1902.9993157499998 355.0001496 2027.99934025 1 1104.9994958999998 1252.9994945 1235.9995901 1596.9998395
Norway_008164 1 1314.0007079999998 1383.99943 1460.000652 1687.99994
Norway_009420 1 1312.99931315 1746.0010035 1396.99924285 2041.0010204999999 1 1305.00147095 1495.999934 1567.00129505 2037.99973
Norway_008281 1 436.999708 1706.000465 813.0010239999999 2012.9995210000002
Norway_008948 1 1097.999078 1106.00062375 1223.9990020000002 1227.0007062500001
Norway_008244 1 1344.00124315 1810.99971 1452.0012568500001 2035.99955 1 139.00012219999996 1667.0000165 525.9996552 2001.9995514999998 2 217.9989414999999 1571.9996305 1650.9984924999999 1828.0002195000002 1 830.9985369 1434.0002729 985.9987150999999 1612.0003731
Norway_008602 1 1.0007320999999934 1309.0004525 638.9993221 1649.0004374999999
Norway_009492 1 797.00042155 1290.99975095 1010.00043845 1423.99967905
Norway_008789 1 1143.00053965 1755.9998625 1249.0005463500001 2040.9989795 1 598.99972855 1436.9997264999997 791.9996754499999 1677.9989655 1 0.000182150000014758 1634.9991775 189.00011504999998 1981.9997925 1 1347.9992535000001 1922.00041345 1397.9994285000002 2034.0004925500002 1 1464.0007523999998 1852.9992039 1549.0006856 2029.9992141
Norway_009887 1 967.9984699500001 1676.00052035 1241.99833605 1873.00049365 1 574.0001875 1573.9998105 988.0016364999999 1921.0004255 1 1857.0001242499998 1233.00024575 1902.0002817499999 1358.00027025 1 1350.99944615 1314.0008004500003 1498.9995998499999 1470.0007575500001 3 1640.00155055 1457.0005059999999 1881.00166545 1824.00088
Norway_008459 1 1.9998248500000102 1509.9990509499999 230.99989775 1689.99912705
Norway_008983 1 1402.00071755 1897.00081675 1575.0005944499999 2021.0007512500001 2 1397.0016108 1903.99920165 1571.0014912000001 2023.9991843500002 1 1282.9993903 1213.0009969999999 1454.9992637 1477.000265
Norway_008640 1 0.000728600000059032 1398.0002985 567.9990736 1700.0009455
Norway_008695 1 1841.00043255 1884.0007693 2046.00042145 2034.0007987000001
Norway_008764 2 45.99943999999999 1384.00014225 537.0008399999999 1542.00018775
Norway_009878 1 1229.9999334000001 1842.00096925 1318.9998806 2035.00099075
Norway_008839 1 1958.9999347999997 1750.0013635 2160.9999132 2036.0005704999999 1 1760.0006955000001 1455.0003259999999 2166.0021165000003 2034.99946
Norway_009584 1 791.9994474999999 1303.999438 1094.9994525 1552.000002 1 1141.9986775 1199.9989805999999 1239.9986225 1282.9990754 1 1420.999385 1715.0005194 1487.999515 1826.0005526 1 469.001275 1355.99982 1026.002225 1855.9990120000002 1 1569.0012275000001 1818.999546 1669.0013725000001 2037.9998380000002
Norway_009726 1 0.0 1418.9993949999998 246.999944 1755.9994649999999
Norway_008252 1 1085.9987008 1430.9991865 1243.9985252 1860.9991075
Norway_008860 1 659.9983027000001 1677.0009165 984.9983473 2014.0006314999998
Norway_009823 2 1313.0009525 1743.999803 1728.0005835000002 2019.000061 1 1311.9991275 1730.9996535 1734.0006044999998 2026.9997604999999
Norway_010087 1 1356.0017599999999 1188.9986075000002 1880.99976 2031.9993924999999
Norway_008717 1 910.9995455000001 1182.9993175 1345.0010645 1526.9996624999999
Norway_008692 1 812.9984738999999 1168.99897595 931.9985260999999 1256.9989360499999 1 162.9998419 1538.9994158499999 309.9999921 1622.9994241499999
Norway_009695 2 352.9975924999999 1619.9988480000002 1748.9988355 1897.9993760000002 2 417.9996415 1767.0008524999998 1077.9983085 2017.0009015
Norway_010192 2 -0.0018215000000054715 1440.9996783 1776.9989335 1636.9997657000001 1 1276.0000943999999 1126.0005146 1357.0000135999999 1198.0004634 1 1586.9993614 1351.9996281999997 1687.9993506 1496.9996158
Norway_008753 1 1738.00080065 1857.9995518499998 1856.0008493500002 2032.99958615 1 1258.9993063 1404.9999080000002 1426.9991656999998 2032.99928
Norway_008949 1 1032.9998225 1199.0003844000003 1153.9998775 1346.0003676000001 1 942.00076 1175.999048 1118.00084 1327.9990639999999 1 771.9996375 1426.0008924 973.9997625 1615.0009876000001 1 939.9994649999999 1173.0002955999998 1018.999335 1309.0002884 1 347.001485 1689.99964 704.001415 2032.9991920000002
Norway_009169 1 0.0007286000000021886 1341.9993405 715.9995916 1914.9998855
Norway_009190 4 3924.9987739999997 874.99943025 4039.9985859999997 1018.99948975
Norway_009824 2 956.9997065 1661.0009051999998 1916.0012414999999 1760.0008348 1 622.0009019500001 1654.0008874999999 900.00078205 1903.0008465 1 624.9985445 1531.999092 1027.9981335 1896.9992860000002 2 0.0 1639.9994233999998 845.9993179999999 1747.9993465999999 1 868.0008522 1417.000988 1143.0007218 1636.000288
Norway_009735 4 851.0013391499999 1358.0005764 947.00131085 1421.0005316 1 145.9994181 1690.001066 570.0009021000001 1958.000694
Norway_008665 1 1587.99845415 1330.0013219999998 1727.99857985 1641.000738 1 1853.0002923999998 1506.9999035 1966.0003236 1664.9998365000001 1 1600.99849965 1473.9997909 1702.9984923499999 1605.9998331 1 1613.0003631499999 1458.9996655000002 1749.00047485 1790.9989305000001 1 1844.9991714999999 1607.0007395 2211.9986344999998 2032.0002105
Norway_009810 1 1116.0008094500001 1239.999345 1420.0007805500002 1463.999095 1 0.0 1375.0002694999998 1282.000844 1858.0008785 1 1320.9984304000002 1410.9994275 1473.9986016 2023.9994904999999
Norway_008404 1 1179.00066565 1286.9994929999998 1245.00053235 1377.999519 1 0.0 1169.001119 1110.000242 1980.000633 1 1250.99982475 1122.0001546 1297.9999892500002 1194.0001034 1 1014.00118105 1400.001499 1189.00106495 1798.0005810000002 1 -0.0007286000000021886 1502.000474 486.00097239999997 2012.001472
Norway_009284 1 1486.99905 1292.0004426 1560.99915 1392.0004854 1 1594.0006250000001 1263.99938 1776.000575 1520.9996760000001 1 877.0013775000001 1196.000099 1121.0013225 1312.0001650000002 1 1440.00019 1183.9991618000001 1484.00021 1251.9991582 1 881.9982275000001 1235.0004366 980.9982725000001 1318.0005314000002
Norway_009963 1 244.99903600000005 1348.0009009999999 757.99901 1565.0000209999998 3 1429.9995405000002 1398.9993679999998 1816.0008915 2039.99991 1 16.000055999999972 1332.9995509999999 849.0011499999999 1748.0001630000002 3 709.998842 1487.9992140000002 1198.00055 2029.9990100000002
Norway_009148 1 1461.0015965 1117.9994238 1491.0016035 1202.9993682 1 1181.99994 1304.9994649999999 1227.00006 1382.999527
Norway_009239 1 787.0012973 1571.9996305 987.0012687000001 1855.9986574999998 1 699.00117145 1549.9996915 999.0011285500001 1983.9999725
Norway_009201 1 574.9991 1181.99921 1076.9982 1447.9992379999999 1 973.999945 1111.9992618 1143.000055 1255.9992662 1 830.99915 1209.9999659999999 1267.99905 1872.000466
Norway_009515 1 562.0005097999999 1346.000721 796.0006002 1481.000625 1 440.00154 1649.9995069999998 853.001164 2016.999881 1 1052.998221 1666.000947 1516.999845 2017.9999710000002 1 4.000742600000024 1457.9995755 525.9989266 1764.0005824999998 1 582.0014905500001 1379.9999031 823.00160545 1566.9999968999998
Norway_009084 1 659.00177 1415.9998050000002 841.00175 1662.9999650000002
Norway_009302 1 6.000021000000004 1490.999484 347.0001216 1769.000012 1 60.00021000000004 1405.9999979999998 502.99993900000004 1668.9991759999998 1 108.99983504999999 1472.00012115 361.99999195 1660.00010085 1 971.0017591499999 1191.999107 1067.0017308499998 1430.000117 1 1443.997768 1281.999043 1843.999168 2017.999971
Norway_009232 1 1207.0016744 1841.0009813000001 1308.0016636 2036.0009787 1 923.0008625500001 1314.999972 1168.0009914500001 1537.999632 1 0.0018215000000054715 1364.0003000000002 800.0009785 1764.999652 1 1626.9985906499999 1623.99971825 1696.99847135 1816.99973975 1 1744.0017324000003 1758.999112 1849.0017356 2036.99964
Norway_008321 1 1173.999962 1174.00096275 1351.000038 1353.0009872500002
Norway_008827 1 1703.99995305 1344.0005409999999 1906.99993495 1578.0011909999998
Norway_008813 1 1687.000435 1644.000442 1900.0005649999998 2029.9996219999998 1 1489.0010750000001 1273.99965 1899.001925 2042.999462
Norway_009897 1 -0.0018215000000054715 1332.0004815 810.9991955 1801.9999205000001
Norway_008605 1 1086.000076 1070.9991325 1153.000244 1285.9989175
Norway_008754 1 2253.99882 1807.0006349999999 2558.9986200000003 2031.001225
Norway_008962 1 354.99942100000004 1293.9991025 1232.998851 2003.9997315
Norway_010070 1 0.0007286000000021886 1458.998645 721.9996126 1966.9994629999999 1 901.9982389500001 1374.0001794999998 1239.99832905 2036.0005704999999
Norway_009879 1 1202.9989281500002 1205.000277 1302.99891385 1341.0002709999999 1 0.9981819999999288 1238.999255 1138.9985219999999 2004.998801
Norway_009919 4 3179.00025 1301.000734 3382.00015 1379.000656 1 1595.0000799999998 1368.999445 2305.99968 2032.9995949999998
Norway_008161 3 1497.9988724999998 1250.0002284 1616.9987274999999 1418.0002676000001 1 1580.0001375 1470.9993479999998 1709.0002625 2018.999836
Norway_008994 1 1331.9981 1244.9997725 1910.9987800000001 2033.9997974999999
Norway_008730 1 316.0011225 1435.9993228 581.0009775000001 1560.9993252000002 1 0.00036499999993111487 1415.000902 612.999615 1712.0002339999999 1 1445.9982349999998 1236.0006680000001 1511.998265 1490.000372 2 5.998775000000023 1768.9997290000001 1442.000025 1922.9997990000002 1 340.00041999999996 1378.0004139999999 692.00058 1547.000378
Norway_008247 1 749.0008 1346.0006189499998 1145.002186 1525.0006050499999 1 1430.9988154 1163.0005790000002 1503.9987066 1381.9998790000002 1 1375.99953365 1173.0004585 1513.99965235 1521.0011634999998 1 1340.00050055 1436.00055495 1505.00034945 1569.00048305
Norway_009025 1 1677.00058715 1338.0003071500003 1733.00041885 1435.0002608500001 1 896.0016788 1494.9992317 1094.0016432 1616.9991903 1 220.99895199999997 1493.9997540000002 861.999374 1890.998746
Norway_008610 1 217.00075950000004 1592.00041 679.0023765 2035.99955 3 208.99891 1605.0005594999998 661.000492 2033.0003004999999
Norway_009340 1 1755.9987575 1556.0003144 1941.9987425 1686.0003496000002 1 747.00097 1914.0004758 806.0010300000001 2020.0004761999999 1 548.998325 1660.999368 958.9991750000002 2027.999568 1 546.9984900000001 1765.9996480000002 809.99851 2032.999192 1 537.000775 1281.00035 1290.999525 2014.001234
Norway_010171 1 658.000465 1711.0007180000002 738.000435 1783.000618 1 1744.00139 1748.9996999999998 1935.00151 2041.998924
Norway_010061 4 562.0005375000001 1848.9999472 761.0003624999999 2023.9998688 4 766.0012275 1865.0002769999999 866.0013725 1943.000339
Norway_008835 4 1251.0001399999999 1484.999329 1353.99994 1582.999231
Norway_009529 1 1545.00012515 1851.9992159499998 1645.0001108499998 2031.99929205 1 1116.00044515 1425.9999610999998 1212.00041685 1520.9999389 1 1210.0016848999999 1354.99959205 1293.0016111 1492.99956195 1 455.0015925 1310.999612 866.0012095 1529.998912 1 1901.00137115 1801.9989 2045.0015108500002 2032.99928
Norway_009473 1 1986.9989399000003 1566.99989485 2053.9988101000004 1649.99981315 1 1.000003500000048 1182.9993175 980.0016085000001 1707.9996245000002 1 2104.0000779999996 1626.9994780000002 2524.99973 2036.99964
Norway_009649 1 1607.0003421499998 1863.9997857 1695.00028585 2031.9998023
Norway_009060 1 0.0003643000000010943 1480.9996045 392.9999183 1721.9988435000002 1 1492.00103255 1203.9991665 1717.00109145 2040.9989795
Norway_009585 1 1622.9998517000001 1399.0007967000001 1899.9997283 1522.0008453 1 461.00161349999996 1249.000155 916.0013845 1480.000535
Norway_008880 1 1004.9996920000001 1288.0002382500002 1081.9996680000002 1468.00026175
Norway_009333 1 1513.0002 1261.999145 2138.9982 2025.999195
Norway_008632 3 1446.9977784999999 1539.999812 1836.9991435 2041.0 1 1558.99944555 1714.999234 1807.99958845 2041.0 1 906.9988029000001 1867.0002598 997.9987571000001 2040.0003182 1 615.000331 1445.999516 1052.000039 2041.0000000000002 1 1452.999621 1559.0005015 1825.000923 2041.0010205
Norway_008829 1 1357.00065 1285.0007500000002 1497.00079 1490.99973
Norway_008479 1 1519.9987 1309.9996 1737.9986 2044.0 1 -0.0018249999999966349 1302.000406 839.998225 1689.001146 1 1086.0005600000002 1229.00099 1406.00044 1647.001034
Norway_009932 1 567.0012558999999 1404.0006344 702.0013641 1513.0006476 1 2.0000069999999823 1371.9999995 743.000779 1891.9998564999999 1 783.0012833000001 1502.0004740000002 971.0012127 1732.0007640000001
Norway_009335 1 0.0 1295.000213 753.9989959999999 1708.0006449999998
Norway_008565 1 490.998572 1386.99902 748.998628 1750.99947
Norway_009523 1 1524.99823365 1276.000544 1610.99817035 1411.0004479999998
Norway_010051 1 1523.998048 1236.0000055 1991.999686 2027.9998504999999
Norway_008530 2 168.00240949999989 1686.9992652499998 1746.0006465 1879.9992867499998
Norway_008770 1 1382.001382 1353.00058025 1439.001338 1457.00067975
Norway_010039 1 1405.99825 1356.999336 1550.99815 1597.9992 1 964.0016825 1181.9990056 1039.0015175 1300.9990504 1 1787.9997675 1672.000176 2075.9997325 2032.9991919999998 1 1273.999285 1351.999712 1340.999415 1566.999896 1 1486.9995975 1716.999858 1571.9997025 2033.000214
Norway_008775 2 650.002275 1324.99954535 1821.000909 1430.9994926499999
Norway_009542 1 1517.9998484999999 1234.9999155 1920.0012555 2035.0004804999999
Norway_009007 1 1400.99928 1302.0001225 1905.99928 2028.0006174999999
Norway_008859 1 1622.0016 1280.9993279999999 2121.0004 2044.0
Norway_008217 1 766.001574 1459.0003725 1062.001466 2023.9998075 1 965.9983400000001 1387.0000375 1068.9981400000001 1599.0002325
Norway_008346 1 1048.99838915 1089.9993155999998 1140.99834685 1253.9993803999998 1 1483.9982723 1305.999162 1659.9981596999999 1487.999214 1 694.0009717999999 1152.0002012999998 904.0009782 1346.0001087 1 679.9991012999999 1258.0004547499998 883.9990866999999 1429.00053725 1 1360.9996632999998 1277.000634 1580.9997047 2041.0
Norway_008552 1 1521.00099 1150.0004922 1563.00081 1230.0004038 1 1528.9995999999999 1247.9995611999998 1602.9997 1308.9994708 1 1322.9992574999999 1319.0003540000002 1435.9992424999998 1611.000062 1 884.999075 1599.9992539999998 1279.998425 2038.999354
Norway_009123 1 1378.99946 1298.00033 1887.0011800000002 2022.00042
Norway_008817 1 1077.0002075 1261.9996326 1265.0003924999999 1399.9996793999999
Norway_008974 2 898.9995035 1398.0002984999999 1582.9982545 1605.0005595 1 1396.00033225 1174.9994139 1441.00048975 1260.9993981000002 1 1724.00075165 1491.0005044999998 1850.0008283500001 1699.0008555 1 801.9984354 1714.9992340000001 926.9985086 2028.9989200000002 1 1531.0011690499998 1592.00041 1710.00106695 2041.0
Norway_010138 1 76.99917660000003 1392.000779 575.0009196 1619.000799 1 282.99880470000005 1401.999638 555.9986673 1537.9996319999998
Norway_008388 3 1308.000935 1621.0009790000001 1965.9995950000002 2022.000331 1 1129.0017656999999 1307.0002725 1470.0018663 1743.0007335 3 884.0007260499999 1227.000216 1095.00073595 1551.000802 1 1077.9984906500001 1515.999693 1187.99851135 1753.000613 1 633.9989403 1561.0006815 869.9990376999999 1860.0010584999998
Norway_008464 2 1501.99909 1468.9996006000001 1835.99891 1530.9996394 1 1528.999965 1625.0004400000003 1607.999835 1861.00068 4 1528.9994175000002 1615.0002722000002 1599.9995825 1695.0001838 1 1297.0006725 1688.0003014000001 1345.0007275 1761.0003306 2 1554.000275 1851.00041 2229.998525 1986.000478
Norway_008218 1 1527.9980620000001 1419.99931905 1575.9982300000001 1513.9994109499999 3 1664.0009059499998 1310.999612 2026.00108005 1949.9999740000003 3 1673.0000266999998 1305.0000925 1945.9998893 1695.0004955 1 2071.9992374 1868.0003497999999 2184.9992686 2040.0003181999998
Norway_009411 1 1466.0005772499999 1168.0000085 1515.0007487499997 1282.0000635 1 185.00010105 1756.998932 535.00023315 2036.99964 1 1521.0000411499998 1754.9997725 1637.00008285 2038.9987995 1 -0.0007286000000021886 1457.9995755 486.00097239999997 1792.9991105 1 1035.99834365 1806.99935 1153.9983923500001 2035.99955
Norway_008225 1 2.9996461999999724 1400.0004785 704.0002781999999 1929.0011455
Norway_008812 1 882.00071905 1250.9993144999999 1069.0006449500002 1496.9990035 1 683.9989331499999 1489.9992919499998 823.99905885 1669.99936805 1 667.9986950000001 1244.0007255 1064.9982630000002 1665.9999265000001 1 413.99962750000003 1661.000497 804.0009924999999 2022.0003310000002
Norway_009883 1 1499.00178565 1207.9995265 1633.0018903500002 1506.9999034999998 1 1506.0001708000002 1256.9998545 1740.0002612 2040.9989795 1 1566.00129155 1556.0002315 1743.00118245 2037.0006605 1 892.9994824999999 1151.0005194999999 1279.0008334999998 1571.9996305
Norway_008589 1 1862.9992344999998 1529.000863 2301.0007674999997 2031.001141
Norway_008590 1 1296.0017202 1141.000894 1336.0017198 1219.000816 1 1250.000442 1768.9990449999998 1326.0005179999998 2032.999595 1 1277.99946 1409.0004225 1418.9995 2035.0010175
Norway_008814 1 1475.00198 1376.0008625 2024.00162 2035.0010175000002
Norway_009941 2 1585.0015402 1846.9993782499998 1920.0016197999998 1902.99931575 1 0.0018214999998917847 1272.9992535 1052.0018605 2031.0001205 1 593.0020754999999 1219.0005165 1129.0003084999998 1564.0009515 1 1003.0000496499999 1199.99931675 1137.00015435 1323.99925125 1 1372.9995231500002 1238.9992550000002 1520.99967685 1600.999179
Norway_009439 1 978.9990549000001 1356.0003964 1077.9990371000001 1510.0003776 1 1252.0018319 1139.0006641 1347.0018000999999 1324.0005778999998 1 1130.0014049000001 1090.9999158499998 1209.0013171 1265.99995015 1 1188.9990613 1158.9991985000001 1360.9989347 1451.9990355 1 922.9997696500002 1358.9998500000002 1072.99993035 1581.99951
Norway_009962 1 0.0008080000000063592 1513.0001149999998 541.999128 1802.9998249999999
Norway_008944 1 1351.999938 1454.9995625000001 1538.9998219999998 2023.9998074999999
Norway_008520 1 1392.99886455 1531.0006348 1557.99871345 1659.0007251999998 1 1567.0011129000002 1208.9996164999998 1662.0010811 1455.9993955
Norway_008173 1 1370.000764 1554.0002775 1585.000676 2030.0010224999999 3 1326.00072 1242.0001825 1924.0015199999998 2018.0006275 1 1308.0005 1212.0002125 1980.00198 2035.0010174999998
Norway_009423 1 1445.0014145 1252.9992903999998 1483.0015475 1316.9993355999998
Norway_009337 1 1491.99826 1417.0000075000003 1813.9983800000002 1986.0002525 1 825.0001179999999 1372.0010700000003 971.9999619999999 1652.00079
Norway_009994 3 1391.9994075 1479.0014655 1886.0011365 1763.0004924999998 1 1083.0001475000001 1489.001345 1517.0016665 2023.000421 3 1093.9983645000002 1506.9999035000003 1515.9998415 2033.0003005 1 1080.00031915 1441.0000865 1152.0002068499998 1555.0001415 1 1331.9984689 1289.9990486499998 1418.9984091 1364.99906335
Norway_009309 1 1499.0007975 1380.0001613999998 1583.0008025 1487.0000866 1 1612.9994225 1506.0005996 1659.9993774999998 1608.0006964 1 254.99976749999996 1671.9997672 471.9999325 1791.9997368 1 1109.998215 1776.0005311999998 1263.9982850000001 1951.0004528 1 1345.0010925 1590.0004148 1523.0010074999998 1791.0004252
Norway_008635 1 1377.99956 1215.00082 2104.99756 2034.9999999999998
Norway_008442 1 831.9997975 1507.9989162 916.9999025000001 1574.9989878 1 714.99996 1430.9999031999998 818.00004 1516.9999768 1 978.9998974999999 1338.0004582 1062.9999025 1477.0004298000001 1 619.999585 1862.9993032 758.999615 2024.9993848000001 3 1238.9998 1488.999834 1763.0011 1903.999286
Norway_009501 1 242.99902900000006 1404.9988875 995.999843 2026.9997604999999
Norway_010118 1 586.00099 1473.9999504999998 665.00117 1564.9998595 1 2428.99849 1634.0001975 2652.99831 2033.0006125 1 592.0016019999999 1699.9993175000002 689.001598 2034.9989825
Norway_008792 1 1081.999065 1158.0007082 1162.999135 1204.0007238 1 1418.9986375 1239.9987320000002 1544.9984625 1444.9996680000002 1 1202.000115 1146.9995936 1283.000185 1210.9996864 1 1339.0006750000002 1251.000051 1377.000825 1291.000109 1 1321.9998875 1445.9991839999998 1447.9997125 2044.0
Norway_009745 1 1275.0011739999998 1366.0008725 1407.0013059999999 1651.0005875
Norway_009014 1 451.9997604999999 1472.999905 998.9998535 2028.000871
Norway_008722 1 1501.99928 1283.9995299999998 2035.9984 2034.9999999999998
Norway_009390 1 414.9978095 1378.0005394999998 864.9993845 1628.0005885
Norway_008350 2 721.9992 1386.0008344 1725.9974 1474.0007576
Norway_008546 1 2117.0009125 1707.0005078 2354.0008875 1834.0005642 1 1674.00130675 1398.0007495999998 1710.00129325 1441.0007864 3 1523.9989174999998 1150.0002878 1666.9989825 1311.0002402
Norway_010007 1 201.99888549999991 1234.998895 1069.9982805 1693.9993849999998 1 280.00097999999997 1272.9992535000001 837.0011079999999 1527.9997524999999 1 1093.00145755 1296.0013235000001 1286.0014044499999 1582.0005305 1 34.99830100000008 1293.0010535000001 1072.998291 2035.0004804999999
Norway_008469 1 3098.998554 1603.99921 3211.998566 1857.99977
Norway_009821 1 1317.0001175 1196.0008144 1388.0002825 1305.0007936
Norway_009671 1 1194.999276 1175.00086 1261.999444 1385.00065
Norway_009331 2 1088.998347 1682.00044805 2029.999819 1774.0003599499998 1 121.00005920000001 1495.0005583500001 476.0002088 1692.00053165
Norway_008618 1 1072.00087 1082.9990187499998 1134.00073 1203.99910125 1 886.99816 1248.00038 1067.99824 1905.00013 1 0.0004039999999463362 1293.99952 634.9995240000001 1953.99886
Norway_009427 2 2754.00134 1627.000815 3433.0001 1870.0001650000002
Norway_008472 1 180.00063 1422.999487 561.000142 1644.999057 1 1232.99903315 1562.0007715 1352.99908885 2041.0010205 1 895.0005824 1930.99918245 988.0005435999999 2040.9990815500003 1 1459.99982765 1222.99934575 1589.99991835 1392.9993382500002 1 1.0000034999999912 1568.9993605 265.99983810000003 1824.9999495000002
Norway_008728 1 0.0 1311.999702 837.0011079999999 1710.998874
Norway_009826 1 1551.0000360000001 1712.00001775 1660.0000440000001 1871.0000622500002
Norway_009263 1 592.00043265 1917.0003716499998 710.00048135 2038.00044435
Norway_008568 1 326.99985000000004 1289.99906 1133.0001499999998 2018.999836
Norway_009474 1 1684.0006116499999 1460.00026575 1762.00052035 1630.0002582500001 1 0.0 1283.0001535 933.001444 1768.0009425 1 1760.9990596500002 1878.00073955 1854.9990243500001 2039.0007384499997
Norway_009170 1 1638.0004506500002 1714.99933605 1720.00037335 1807.99933795 1 1594.0012073999999 1414.000718 1707.0012386 1818.0003399999998 1 1592.99847165 1660.9994765000001 1722.99856235 1818.9994095000002 1 1622.0003946499999 1434.99903625 1692.00027535 1581.99899975 1 1825.0001944 1810.99971 1978.0003656 2034.99946
Norway_009769 1 1015.0010024000001 1291.0006693999999 1160.0011456 1446.0007406
Norway_009747 1 699.0010975 1284.9995382 928.0010024999999 1389.9996138 1 2.0000174999999984 1580.0001447999998 135.9999125 1722.0000952 1 1402.0009525 1317.999816 1463.0008475 1414.9998799999998 1 1534.99824725 1244.0004752 1568.9982527500001 1288.0004368 1 368.0002999999999 1342.99998 805.0002 1528.9998919999998
Norway_008484 1 1432.9982759499999 1381.999879 1710.99815605 1874.999347 1 1552.0010604 1665.9999265000001 1681.0011476 2015.0007215 1 1566.9992914 1684.00021985 1683.9993365999999 1859.00025415 1 655.9997459000001 1922.0003113999999 790.9998541 2031.0003245999999 1 1442.9988574 1436.9997265000002 1543.9988466 1678.9990555
Norway_009895 1 1013.9990175000001 1250.9992333999999 1083.9990825000002 1302.9992066 1 1220.000455 1275.9997039999998 1418.000545 2003.99892 1 1166.001625 1733.00029 1276.0016750000002 2041.00043 1 1190.00074 1455.0003468 1234.00076 1525.0003972 1 1065.00065 1742.000022 1211.00065 2041.9999460000001
Norway_008801 1 1102.9998874999999 1430.99929 1375.9998125 1957.000206
Norway_010040 1 1776.0007515 1600.0001095 2291.0007324999997 2041.0010205
Norway_009199 1 1696.9986975 1585.0009952 1780.9987024999998 1760.0009168000001 1 1597.9992 1767.0012080000001 1743.9992 2034.000752 3 979.9994499999998 1332.99971 1413.99905 1836.99901 1 1834.9982625 1686.9994568 1927.9984375000001 1849.9994632 1 456.0018 1548.9994100000001 886.001 2024.999998
Norway_009062 1 1471.00238 1245.9989575000002 2217.0005 2028.9998025000002
Norway_008990 1 1533.00117605 1321.9995815 1712.00107395 1978.9995225
Norway_008487 1 1503.9998375 1308.0009768 1558.9998624999998 1416.0010312 4 529.99825 1794.9998178 602.99825 1841.9997582 1 1458.001625 1570.9991864 1640.001575 1755.9991736 1 1428.0013625 1787.000726 1519.0013375 2040.000914
Norway_008608 1 1140.999424 1120.0007114999999 1231.999616 1223.0006085
Norway_008384 1 1463.00165965 1108.9998010000002 1529.00152635 1244.999795 1 1574.0011373999998 1194.999377 1683.0011545999998 1422.999487
Norway_010059 1 1494.9990394000001 1447.0006264999997 1647.9992106 2014.0006315
Norway_009960 1 1036.99871145 1250.9993145000003 1332.99865455 1509.0000835
Norway_008707 4 1499.0007975 1390.000227 1582.0007025000002 1430.000285 4 587.0015775 1516.0000519999999 686.0016225 1571.000004 1 1636.99872 1681.9998328 1694.9986800000001 1844.9998392 1 118.99985500000003 1802.00062 520.999905 2020.0013959999999 4 110.99996750000003 1898.999151 311.9999925 2014.999217
Norway_009829 1 1520.9997125 1216.000128 1612.9997875 1511.999944 1 1626.0003575 1486.0012860000002 1740.0004425000002 2011.000642
Norway_009358 1 1885.9985864 1788.0007014999999 2018.9986875999998 2033.0003005 1 0.0 1468.9996470499998 298.9999536 1652.9996749499999 1 1558.0001706500002 1810.99971 1668.00019135 2041.0 1 289.0010115 1431.0008192999999 683.0023904999999 1625.0007267 1 914.99974165 1933.0009952500002 1056.99987435 2034.00090075
Norway_008259 1 1678.9985904999999 1263.999464 2477.9995655 2031.99919
Norway_009640 1 287.9999151 1873.00008545 423.0000233 2029.0000425499998
Norway_008636 3 264.002675 1426.000688 867.000925 1824.000192 1 1488.0015224999997 1792.001372 1608.0014775 2022.000428
Norway_009080 1 -0.0004039999999463362 1236.0010025000001 621.0001159999999 1628.0010175000002
Norway_009412 1 1521.00004115 1293.000033 1625.00004085 1526.000593
Norway_009407 1 277.00142000000005 1408.0000997999998 556.00158 1535.0001562
Norway_009435 1 -0.00018215000000054715 1608.0008295 349.99994995 1997.0011425
Norway_009568 1 2070.9992325 1779.0005099999998 2291.9990674999995 2029.000106 3 1492.0013749999998 1266.000456 2182.001025 2031.0001599999998
Norway_010028 1 615.00087745 1173.99922185 895.00076455 1347.99916615
Norway_009697 1 1122.00124 1370.9991008000002 1164.00106 1436.9990432 1 1193.998585 1494.0004800000002 1260.998715 1731.9997520000002
Norway_008808 1 1291.0011675 1155.9993255999998 1433.0011325 1274.9993703999999 1 1282.99836 1265.0002246 1383.99824 1348.0003194 3 1482.0003749999998 1251.0005620000002 1895.001525 2041.00043
Norway_009688 1 2967.9994589999997 1428.9990065 3388.999111 1861.9991975 1 3399.9993316500004 1868.0002477499997 3477.99924035 2038.00024025
Norway_008744 2 3580.99944 1650.9997735 4034.9984799999997 1727.9996964999998
Norway_009374 1 1463.9989309 1194.0003075 1602.9990531 1446.0005365000002 1 1490.0002969500001 1224.9990155 1756.0001350500002 2028.9999405000003
Norway_008202 1 104.99854599999998 1547.000442 777.99908 2011.001382
Norway_009725 1 551.99956405 1430.000117 802.99971395 1841.0003689999999 1 707.9984707 1818.0003399999998 1000.9984033 2036.9996399999998 1 341.00137565 1946.99980605 455.00141035 2039.9998079499999 1 540.9982504999999 1396.0001185 962.9997275 1998.9992815
Norway_008540 1 1742.0017254000002 1748.9992325 1859.0017706 2040.9989795 1 1599.99849615 1493.9987334999998 1703.99849585 1749.9993225 1 1590.9997397 1481.9996945 1859.9995883 2040.9989795
Norway_010178 1 1190.9990682999999 1276.00044195 1382.9990117 1455.0004280500002
Norway_009346 2 820.0016999999999 1395.999367 1828.0003000000002 1490.999377
Norway_009660 1 1629.9986011500002 1195.999467 1701.99848885 1331.9994609999999 1 1800.0002890499998 1491.999574 1959.00011695 1752.998572 1 972.9979410000001 1128.99956 1472.999691 1345.99868 1 1773.99910515 1490.0004145 1905.99920285 1878.0006375 1 931.9977974999999 1283.0001535 1345.9992464999998 1990.0005125
Norway_009548 1 1327.9984549 1236.0008219 1394.9983250999999 1323.0008961 1 1495.0001323 1205.9993465000002 1658.9999777 1542.9990615000002 1 1364.00058455 1404.9988875 1577.00060145 2024.9995804999999
Norway_008841 1 1864.0003309 1621.0005708 1947.0002571000002 1748.0005712
Norway_009567 1 460.00033494999997 1729.9995635000002 790.00039705 2024.9995805 1 1893.0011610000001 1393.9999384999999 2683.0002830000003 2016.0008114999998 1 869.9994019999999 1130.9995359 1326.000998 1308.9996360999999 1 1285.9984900499999 1105.9994289499998 1484.99845795 1239.9994470499998
Norway_009956 1 916.000714 1253.00068025 1029.000726 1377.00075975
Norway_009234 1 1363.998738 1235.00049475 1470.998542 1368.0005652500001
Norway_009471 1 618.00088795 1458.9996655 944.00093605 1933.9995545000002 1 992.0009218999999 1324.99934125 1131.0010441 1471.99930475 1 421.0014735 1353.0003305 988.9998185 1749.0012735 1 666.99996655 1661.9995665000001 912.0000954499999 1945.9985935 1 1283.00102965 1254.9996744999999 1393.0010503499998 1498.9991835
Norway_010019 1 1356.00176 1212.0002125 1932.00072 2035.0010174999998
Norway_010072 1 1517.00132 1201.0004384 1576.00138 1289.0003616 1 455.0002400000001 1562.999788 791.00026 1824.9997079999998 1 1454.0017725000002 1912.9993246 1501.0017275 2029.9993154 1 1212.9997549999998 1182.0004364 1335.9996449999999 1274.0004676 1 1526.0009425 1374.0013279999998 1633.0010575 1887.00036
Norway_008820 1 264.00092400000005 1367.00057 717.0006880000001 1586.9999599999999 2 19.00006649999989 1632.0006423500001 1395.0012394999999 1830.00070565
Norway_009320 1 37.9983115 1328.999191 892.9994825 1827.999199
Norway_008785 1 263.00146695 1428.9996188000002 569.00144505 1556.9997092 1 224.00260550000002 1377.9996210499999 760.0008385000001 1561.99964895 1 690.00004705 1358.9996459 860.99991695 1444.9996301 1 342.00119700000005 1388.000419 1063.001899 2030.0010510000002
Norway_009152 1 1637.0013579000001 1284.9999252999999 1700.0012141000002 1388.9998967 1 1542.99829665 1309.9996240500002 1616.9981913499998 1447.9995939500002 1 1575.99877645 1275.9995235 1843.99862155 1706.9995345 1 1685.0007973 1662.9996565 1897.0008107 2037.9987095
Norway_009624 2 1146.99855 1830.99957105 1539.998104 1924.99966295
Norway_009958 2 0.0 1757.0005648000001 2152.998428 1929.0005332 1 1503.0017996499998 1205.9997547 1569.0016663499998 1327.9997133 1 471.00000915 1940.9995721999999 595.00007885 2040.9995918
Norway_009119 1 742.0000469 1948.9998839999998 833.0000011000001 2039.99991 1 1134.9986901500001 1536.999542 1282.99884385 2036.99964 1 1091.0014505499998 1268.999914 1288.00141145 1578.99924
Norway_009933 1 0.0 1649.001088 103.00008 1963.000368
Norway_008598 1 1558.99964 1379.9996375 2140.00012 2031.9993924999999
Norway_010139 1 1635.99862215 1203.00019905 1691.99845385 1297.00029095 1 144.00050400000003 1396.999188 677.99873 1679.000076 1 181.9999084 1548.00022585 353.99978180000005 1677.0002021500002 1 1523.9991409000002 1191.0000375 1630.9991511 1432.9993665000002 1 1025.99867295 1158.9991985 1331.99865105 1448.9987654999998
Norway_009083 2 871.999409 1502.00098425 1773.0007409999998 1604.00097975
Norway_008379 1 973.9991559999999 1110.0009249999998 1124.9990039999998 1330.000705 1 1045.001752 1350.99987 1204.0016079999998 1760.99946
Norway_008725 1 1582.00125 1226.000398 1656.0013500000002 1361.0004659999997 1 225.99997 1528.9994831999998 395.00008 1627.9993967999999 1 481.00065 1319.9999721999998 860.00205 1496.9999478 1 378.0011175 1919.0008151999998 519.0009825 2039.0007847999998 1 1511.9991775 1395.9997758 1611.9993225 1480.9997202
Norway_009215 1 1225.00082665 1851.99921595 1283.00066535 1985.99923405 1 -0.001821499999948628 1358.99985 930.9996154999999 1911.000546
Norway_009953 1 423.00148049999996 1649.0004375 794.0009575 2035.0004805 1 14.00004899999999 1288.0006035 763.000849 1672.0004665
Norway_008440 1 1240.00063 1274.000672 1402.00077 1520.0001599999998 1 1129.0019399999999 1541.0009314 1244.0017599999999 1652.0009645999999
Norway_009650 1 1377.99956 1280.9999399999997 1902.99756 2035.0
Norway_009207 1 946.9982143 1563.0008615 1166.9982557 2041.0010205
Norway_008382 1 1438.9995199999998 1170.000865 2065.99944 2014.0008349999998
Norway_008174 2 486.9998830000001 1411.9995175 1436.999565 1525.9995724999999
Norway_008651 1 1379.9983875 1121.0007311999998 1433.9983125 1207.0008048 1 1607.9989225 1685.9991232 1655.9989775 1771.9991968000002 1 1440.99883 1457.0001964 1527.9987700000001 1646.0002916 1 1447.9988 1457.0000942 1520.9988 1541.0001138 1 1489.9991675 1279.999812 1557.9990324999999 1431.999828
Norway_008579 1 1601.998168 1697.99993 1808.9980719999999 2035.0
Norway_008641 1 1546.9984928000001 1589.00014 1788.9986112 2041.0 1 187.00065450000005 1196.0004875 1102.0020355 1620.9999585
Norway_009380 1 582.9986225 1868.9997718 629.9985775 1953.9997162 1 741.9988275000001 1631.999096 841.9989725 1707.999104
Norway_009246 1 1637.0014575 1812.00089 1751.0015425000001 2041.0004299999998 1 1681.0000175 1922.0000785999998 1751.0000825000002 2043.0001774 1 1439.9992775 1355.998798 1537.9992225 2025.999514
Norway_009712 1 1501.0016105 1463.999095 1916.0012415 2012.999521 1 1510.9983668 1479.9995145 1728.9984012 1824.9999495
Norway_009434 1 1619.99856615 1230.000486 1743.99863585 1583.99969 1 1599.99849615 1744.0008235 1715.99853785 2041.0010204999999
Norway_008604 1 1010.001355 1202.999266 1282.001545 1670.999638 1 203.00022499999997 1357.0002558 619.001675 1539.0002642 1 1329.999775 1326.0003386 1367.9999249999998 1426.0003814 1 789.999065 1250.9993356000002 1014.9989350000001 1441.9992804 1 1683.00113 1393.9996196 1769.00097 1550.9996684
Norway_009574 1 414.99963099999997 1367.9996395 1180.000487 2025.9996705
Norway_009800 2 1.0000034999999912 1910.9990152500002 435.9997045 2013.99910075 1 364.001274 1277.998683 929.9996120000001 1558.999481 1 0.00018215000000054715 1572.9987 288.00009725 1989.999492 1 1088.99889345 1181.0001579999998 1384.99883655 2038.99982
Norway_009973 1 1632.00152255 1710.9998945 1857.00158145 1913.9997955000001
Norway_009031 2 1576.99950855 1753.0008171 1829.99966545 1802.0007369 1 1435.9999258 1398.9993679999998 1621.9998481999999 2030.9991
Norway_009035 1 -0.00018215000000054715 1638.9995375 230.99989775 1969.9987125 1 2.000007000000039 1426.999847 506.999953 1828.9992889999999
Norway_009942 1 1691.9997289 1622.9991180000002 1846.9999071 2027.99883
Norway_008786 1 1445.001785 1591.000033 1509.0016150000001 1681.999935 1 1534.9992875 1381.9995 1660.9991125 1625.999956
Norway_008842 1 1653.0012325 1800.9992644 1729.0011674999998 1989.9993596 1 1817.9987525000001 1811.0000454 1878.9986475 1905.0001306 1 1588.00112 1557.9991420000001 1719.00108 1988.999026
Norway_008293 1 504.99940000000004 1377.0004892 650.9994 1459.0004548 1 1324.0008175 1947.0001404 1394.0008825000002 2039.0001716000002 1 5.000865000000033 1400.9995020000001 571.999165 1649.000066 1 762.00174 1547.9996895999998 877.00156 1742.9997423999998 1 564.9990125 1950.000017 657.9991875 2040.999919
Norway_009076 3 832.9992725 1641.9998074999999 1259.0007635 2024.9995804999999
Norway_009656 1 1215.001316 1679.0001524999998 1282.0014840000001 1913.9999174999998
Norway_010177 1 579.0002300000001 1566.9997938 666.00017 1655.9998462 1 1466.9983275 1231.999538 1563.9981724999998 1484.999726 1 1081.000425 1503.000212 1189.000275 1853.99998 1 2.0005649999999946 1545.99984 610.999415 2018.00032 1 603.999445 1750.999754 917.999455 2042.9994619999998
Norway_009547 1 374.000535 1273.9992412 730.000365 1431.9992148 1 1051.9984375 1245.9990983999999 1105.9983625 1299.9991256 1 765.0007625000001 1428.9991338000002 929.0007375 1551.9990822000002 1 1169.99874 1631.999096 1287.9988600000001 2032.9991920000002 1 31.00018 1556.00011 578.00013 1983.999402
Norway_009884 1 0.0 1250.0002450000002 857.99936 1702.000105
Norway_008313 1 1784.9993258 1583.0006205 1978.9992762000002 1959.9998535 1 773.9987017 1283.0008678499998 1054.9985923 1457.00081215 1 1127.00084795 1189.998927 1393.00068605 1556.9993010000003
Norway_009528 1 1430.00081555 1632.0009485 1635.00080445 1968.0005735 1 1434.99974015 1925.0008875499998 1510.99964185 2041.00091845 1 1388.0015793 1336.9999109999999 1632.0017047 1979.000543
Norway_010128 3 1445.9986 1539.0001619999998 1875.9978 2041.00043 1 1315.0015965 1245.0006044 1345.0016035 1295.0005236 1 502.9992000000001 1467.000262 878.0002000000001 1741.0005059999999 1 1283.99846 1754.9998620000001 1387.99864 2041.999946
Norway_008928 1 0.9981819999999857 1169.9991679999998 1017.99992 1724.000044
Norway_009237 1 283.99917250000004 1251.000335 1247.0007215 2014.999701
Norway_010125 1 634.9985795 1260.0001245 1281.9990225 1836.0009395
Norway_009000 1 1045.001205 1237.9995978 1243.001295 1360.9995462 1 837.0008449999999 1331.9999896 1077.000755 1527.0000424 1 1622.0003224999998 1160.9999716 1671.0004775 1296.9999644000002 1 211.00011249999997 1828.0009132 448.00008749999995 2028.0009988000002 1 1421.0013925000003 1197.0001260000001 1528.0015075000001 1417.99945
Norway_009363 1 3053.000525 1473.998918 3601.0005749999996 1692.9992100000002 2 170.99885 1608.9997014 841.0001500000001 1702.9997865999999
Norway_008594 1 1447.0016036499999 1205.9993465 1533.00154035 1496.9990034999998 1 1198.0009143 1520.9991225 1406.0009137 1872.0000975 1 0.0003643000000010943 1623.999208 388.9999043 1992.9997620000001
Norway_008562 1 384.00134399999996 1629.999748 793.0009539999999 2032.9992799999998 1 1660.9996204 1368.9990151499999 1761.9996096 1557.99908485 1 1581.9986153 1591.9993895 1745.9984607000001 2033.0003005
Norway_009805 1 627.0007373 1805.99926 799.0006107 2033.99937
Norway_008517 1 1871.0007197 1711.0009149999998 2156.0006243 2025.000601
Norway_009285 1 162.0016 1322.99944 677.002 1550.999464
Norway_010114 1 521.999512 1328.0003 617.999608 1418.00021
Norway_010153 1 1626.00150155 1435.9996365 1843.0015324500002 2040.9989795
Norway_010176 1 1261.0007705 1268.0008445000003 1632.0002475 2019.0010815 1 410.99961699999994 1511.0002634999998 859.9993669999999 1905.0010264999999 1 12.999863349999998 1692.0002255 310.99981345000003 2035.0004804999999
Norway_009353 1 2591.00123605 1842.0004589999999 2806.00125995 2024.0005109999997 1 1657.0014279000002 1651.9996869999998 1792.0015361 2019.000061
Norway_008908 1 57.00019949999995 1392.9998485 920.9995804999999 1964.0002135
Norway_009376 2 1479.0002575 1325.9992143999998 1667.0004425 1379.9992416 1 1275.0010275 1091.0000234 1446.0009725 1235.9999526000001 1 1067.0006675 1484.999726 1281.0005324999997 2009.9990819999998
Norway_009757 2 0.0 1711.0003092000002 622.0001500000001 1814.0003308 1 625.9987249999999 1485.9992419999999 953.998675 1743.999054 1 293.9985575 1811.000352 554.9987424999999 2037.0013440000002 1 1109.9987625 1478.0007634 1201.9988375 1610.0008526
Norway_010115 1 1641.00131 1374.9988 1964.00149 2032.999192 1 1638.9994674999998 1381.9995000000001 1779.9993325 1635.999204 1 624.0007149999999 1269.0008435999998 922.000585 1405.0008364
Norway_008853 1 1439.0006649 1212.0002947 1558.0007171 1380.0003113
Norway_009961 1 98.00034299999999 1347.000811 1075.001941 2016.999881
Norway_009661 1 1302.00109615 1812.99989 1386.00102585 2031.99919
Norway_009907 1 1092.0004299999998 1296.9994534 1181.00057 1445.9994906 1 1196.9983375 1182.0006408 1250.9982625 1248.0005832000002 1 1047.99822 1417.0003428 1178.99818 1597.0002972000002 1 1841.9989624999998 1577.0009836 1931.9988374999998 1734.0010324 1 785.0013025000001 1516.000052 1140.0013975000002 1925.0003640000002
Norway_009549 1 491.99956 1547.0000713999998 666.99954 1692.0000006
Norway_009966 1 1259.998634 1427.9991825000002 1351.9987260000003 1719.9992975 2 763.9983400000001 1733.9996905 1312.99798 1804.9996195 1 1354.00196 1784.0010650000002 1455.00196 2034.000815 1 1274.000264 1448.00018 1449.0001359999999 2029.0008199999997
Norway_009408 1 0.0 1471.9998150000001 359.0001636 1741.9996230000002 1 311.9992705 1418.0000575 1091.0001755 2030.0000304999999
Norway_008390 1 1530.00116 1403.999072 1633.0012399999998 1689.99964 1 364.00154249999997 1806.000728 617.0016575 2031.00016
Norway_008973 1 0.0 1478.0003550000001 341.0001006 1831.9995589999999 1 1356.9985563999999 1483.00070295 1413.9983916 1617.00072105
Norway_009009 1 1062.9997131999999 1140.9985989999998 1365.9996808 1466.999365
Norway_009576 1 1441.001542 1206.00072725 1578.0015779999999 1334.00080275 1 1655.9984239999999 1579.99953925 1868.998536 1701.9996207499998 1 846.0006440000001 1706.9997174999999 1040.000636 2034.9989824999998
Norway_008314 1 569.0012375 1696.0004152 698.0013625 1795.0003288 1 1514.9991125000001 1640.99985 1604.9989875 1916.999126 1 321.99935 1704.000018 697.00035 2029.999622
Norway_009386 1 602.9982500000001 1567.000918 981.99965 1830.000354 1 570.00079 1814.000944 761.00091 2026.000536
Norway_009021 1 1057.00131 1304.0008688 1158.00119 1412.0009232 3 1460.001825 1235.999646 1854.001075 2037.000322 1 651.9995 1473.998918 1016.9995 1839.999602
Norway_009004 1 1324.0002623999999 1405.0003161999998 1397.0001536 1504.0002458 1 816.0006702000001 1312.0007225 1155.0007638 1596.9998394999998 1 1233.9999474 1137.0006882 1334.9999366000002 1236.0006178 1 1292.0001504000002 1146.00109 1401.0001676000002 1364.0003 1 1461.00165265 1486.9990219499998 1599.00177135 1665.99900805
Norway_009811 1 1378.99946 1265.999955 2003.9995800000002 2024.0008249999998
Norway_010112 1 2540.00178615 1921.0005275499998 2676.00189785 2036.00046845
Norway_009737 1 846.99950365 1312.9999961 1000.9996783500001 1409.0000639000002 1 33.00011550000002 1552.9995533000001 449.9997535 1746.9994606999999 1 1329.0010085 1374.0001795 1379.0011835 1442.0001765 1 701.00117845 1351.99922 1061.00134555 1670.999356 1 1255.0000209 1256.99975245 1349.9999890999998 1366.9996515500002
Norway_009362 1 -0.0008080000000063592 1253.99956 548.000952 1548.00008
Norway_008556 1 311.9991 1265.00077 900.0009 2022.0004199999998
Norway_008776 1 192.99922500000002 1422.9990739999998 678.000275 1667.999046 1 710.999925 1380.999984 1129.001575 1958.000744
Norway_008462 1 1303.00037105 1202.0010275 1470.00022695 2041.0010204999999
Norway_008502 1 2444.0009036999995 1596.99973745 2709.0007382999997 1798.99975255 1 2013.001581 1418.0000575 2406.001135 1707.9996244999998 1 2001.0015389999999 1402.999728 2582.001751 1958.000694 1 2132.0012689 1330.0007097 2263.0013630999997 1406.0006102999998
Norway_010037 1 1412.9987524 1682.0005501 1485.9986436000002 1822.0004959000003
Norway_009513 1 1903.9998699999999 1762.000562 2037.00003 2016.999782 2 1806.00102 1963.9997818000002 2012.00118 2031.9997782 1 1827.0018425 1556.999626 2006.0018575000001 1788.9997580000002
Norway_009465 1 1588.00112 1729.001204 1719.00108 2035.000268 1 940.9988350000001 1173.0006022000002 1078.998765 1291.0005178000001 1 1491.9988200000003 1210.0008858 1550.99888 1354.0008902 1 424.9987000000001 1429.000258 1019.9998 2028.00059 2 1122.0008750000002 1886.0003329999997 1583.999625 2019.000347
Norway_009383 1 1402.0000400000001 1086.000706 1443.9998600000001 1158.0006059999998 1 1404.9999750000002 1181.0005116 1443.000125 1262.0005524 1 1484.998485 1252.000078 1549.998415 1387.0001459999999 1 1409.0012875 1367.999122 1538.0014125 2037.999838
Norway_009449 1 13.999684699999989 1319.9994015000002 622.9999947 1616.9995985 1 710.0006635 1188.9998575 1144.0021825 1520.9991224999999 1 0.0 1741.999623 339.0000936 2006.998981
Norway_008883 1 2.0000174999999842 1628.001032 327.0000325 1997.000264 1 318.998685 1427.99972 674.998515 1644.9989360000002 1 5.000499999999988 1430.9992900000002 650.9994 1950.999022
Norway_008409 1 0.0 1372.0010200000002 603.0002890000001 1729.000494 1 1687.0015328999998 1831.0004895 1818.0016271 2040.0009305 1 1544.00012165 1635.0012185 1654.0001423499998 2015.0007215 1 1957.99829195 1668.9991759999998 2259.9982560500002 2030.9991 1 992.0000111500001 1453.9992155 1124.00010885 1657.9992065000001
Norway_009425 1 1406.9988974999999 1782.9995959999999 1491.9990025 2039.999892 1 1892.9987700000001 1718.999912 2096.9987300000003 2035.9997839999999 3 1443.0015849999997 1142.000174 1582.001615 1461.001122 3 1393.0006 1437.0004740000002 1762.001 1981.0008540000001
Norway_008240 1 396.001275 1610.0005460000002 798.001325 2018.001342
Norway_009050 1 306.99925300000007 1301.0007530000003 1120.998459 1975.000183 1 1724.9987514999998 1293.000033 2524.9979085 2029.000961
Norway_009059 1 777.0012623 1346.9989741 1021.0013876999999 1487.9990099000001 1 999.0011285500001 1700.0009455 1188.0010614500002 2036.0005704999999 1 986.9998115000001 1176.0007285 1457.0014565 1871.0000075 1 -0.0003643000000010943 1497.0010444999998 657.0001137 2013.0005415 1 1589.9993719000001 1456.000416 1728.9994941000002 1725.0001340000001
Norway_009158 4 665.9990523 1745.999983 865.9990237000001 1837.000009
Norway_008423 1 1522.999866 1169.999168 1991.999686 2030.9991000000002
Norway_008899 1 1757.000685 1513.0004435 2137.002015 2035.0004804999999
Norway_008991 1 1546.9988200000003 1357.0010849999999 2142.99982 2034.0008149999999
Norway_010062 1 1636.9992674999999 1257.0005196 1704.9991325 1372.0004563999998 2 2.9999349999999936 1849.0004582 518.000335 1988.0004298000001 1 782.9996424999999 1689.9999466 888.9996575 1844.9999414 1 1508.9999725 1017.9991765999999 1557.0000275 1100.9992714 1 668.0014649999999 1682.0009570000002 895.001535 1870.000923
Norway_008532 1 373.99894105 1821.9996795 596.99899295 2026.9997605 1 351.9999569499999 1646.0001674999999 682.00001905 2020.9992204999999 1 590.9984254999999 1242.0005455 1057.0000565 1847.9999785 1 21.000073500000013 1623.9992080000002 425.9996695 2030.9991 1 270.00149145 1564.0001351 566.00143455 1750.0001389
Norway_009011 1 1.0003677999999923 1637.9994475 395.99992879999996 2012.9985005
Norway_010031 1 354.0009599999999 1352.0000725 815.9992 1921.0003175000002 1 366.9982459999999 1349.0004825 737.9983139999999 1665.0013875
Norway_008300 2 1.0000035000000054 1554.0000515 200.99997489999998 1668.0001065
Norway_009372 1 1562.00054895 1280.998953 1852.0004710499998 2016.999881
Norway_009755 2 13.999320400000016 1770.0001019999997 482.00095840000006 1861.000128 3 316.999288 1507.9999935 970.997934 2034.0003904999999
Norway_009168 2 0.0 1738.999353 1951.999546 1975.0001829999999 1 592.002072 1208.000547 1170.000452 1702.000105
Norway_009260 1 1670.9986525000002 1533.9997204000001 1731.9985475 1722.9998156000001 1 679.9991975 1585.9998979999998 981.9991025000002 1876.000574
Norway_009701 1 1493.0016574999997 1749.0005176 1532.0015425 1847.0005064000002 1 883.9995225 1463.0010737999999 930.9994775 1510.0010141999999 1 1135.0001674999999 1682.9994510000001 1205.0002325 1832.999413 1 1423.0008625 1870.0001054000002 1513.0007375 2040.0001986 1 490.000455 1590.999522 759.000345 2034.9992460000003
Norway_009417 1 728.00126 1556.9990128 832.00144 1643.9990112 1 216.00006499999998 1852.9992376 391.000045 2005.9991784
Norway_009776 1 487.9995222 1372.999069 842.9996718 1606.999719 1 1221.0008126500002 1109.0005153500001 1283.00066535 1215.00046265 1 424.99911955 1379.999699 625.99909445 1516.9997830000002 1 466.001631 1251.0003349999997 987.001633 1618.000709 1 0.0003642999999726726 1619.0007990000001 364.9998203 2015.999791
Norway_008542 1 1125.9986586500002 1471.0005414 1235.99867935 1671.0005806000001 1 1288.9985005500002 1223.9999460000001 1497.99850345 1450.999966 1 823.99942315 1822.0007 955.99952085 2039.99991
Norway_008414 3 1404.0005424 1399.0003884999999 1557.0007136 1603.0003795
Norway_008308 1 1561.99925 1316.0008862 1633.9991499999999 1476.0009138
Norway_008410 1 956.0017066500001 1313.999882 1094.00182535 1529.998912
Norway_008493 1 1014.9980879999999 1344.9996105 1446.9995999999999 2037.9987095000001
Norway_008563 1 1643.0007799999998 1308.9994708 1730.00072 1488.9994252000001 1 1815.9996475 1524.999784 1973.9997525 1790.0002960000002 1 1539.999605 1171.999962 1591.999695 1285.999974 1 1762.9990925 1322.9996444 1942.9992074999998 1511.9997396 1 1834.00017 1560.999734 2037.00003 2043.998978
Norway_008952 1 1515.0018416500002 1311.9997019999998 1605.00179235 1585.9998699999999
Norway_009728 1 1987.0016 1649.9995820000001 2352.0016 2022.998922 1 1114.9999925 1072.000328 1221.0000075 1287.000512 1 926.0011675000001 1388.9993823999998 997.0013325 1463.9994656
Norway_009738 1 691.0016899 1903.9999160000002 802.0017141000001 2041.0 1 1567.9992949 1407.9991575 1678.9993191 1746.9990524999998
Norway_010058 1 1549.00123205 1235.998985 1780.00131195 1598.9989990000001
Norway_008550 1 1236.9990525 1168.9999831999999 1298.9990475000002 1234.0000007999997
Norway_008970 1 1269.0007925 1456.9993788000002 1302.0008075 1560.9993252 1 1316.9986575 1306.999519 1356.9986425 1380.9994729999999 1 1332.0001575000001 1203.999804 1445.0001425 1355.99982 1 1186.9987975 1163.0008432000002 1271.9989025 1228.0008608 1 939.9996474999999 1195.9997924000002 1096.9996525 1342.9997756
Norway_008715 1 329.00078720000005 1755.000793 620.0007128 2023.000421
Norway_008340 1 1419.0016878000001 1515.999693 1585.0015402 2026.000691 1 1448.999607 1509.0000835 1825.999105 2041.0010204999999 1 1675.9996729 1742.0006435 1822.9998231 2041.0010204999999 3 1410.9976525 1481.000625 1812.9990595000002 2026.000691
Norway_010148 2 634.0000332 1586.0008905 977.0001408 1744.0008235 1 10.000034999999968 1627.9995679999997 763.000849 2025.99865
Norway_009890 1 1616.9994664 1280.0003937499998 1681.9993296000002 1405.00041825 1 1037.00016865 1352.00034255 1163.0002453500001 1467.00028345 1 755.0011853 1295.0002129999998 1003.0013247 1432.000297 1 1372.99952315 1394.9990080000002 1476.99952285 2037.99973 1 1251.99837105 1165.000759 1410.9981989500002 1395.001049
Norway_009978 1 -0.0003643000000010943 1335.0007515 701.0002677 1714.0001645
Norway_009010 1 0.0003649999999879583 1553.999034 465.99951500000003 1877.9996059999999 1 633.000885 1309.9990889999997 698.000815 1366.999095 1 860.9986825 1295.0007279999998 1011.9988175 1426.0006879999999 1 596.9983800000001 1347.0009056 756.99832 1521.0009024 1 196.99962499999998 1322.000946 584.9982749999999 1530.00043
Norway_010090 1 0.0 1501.000384 436.999708 1782.001182 1 1171.0015484 1448.999786 1276.0015515999999 1670.999356
