Norway_008161.jpg,3 1497 1250 1616 1418 1 1580 1470 1709 2018
Norway_008162.jpg,1 1457 1289 1978 2034
Norway_008163.jpg,1 1306 1226 1398 1390 1 485 1606 628 1732 1 1442 1321 1555 1552 3 1299 1568 1742 2025
Norway_008164.jpg,1 1314 1383 1460 1687
Norway_008165.jpg,
Norway_008166.jpg,
Norway_008167.jpg,
Norway_008168.jpg,
Norway_008169.jpg,1 386 1268 1160 2001
Norway_008170.jpg,
Norway_008171.jpg,
Norway_008172.jpg,
Norway_008173.jpg,1 1370 1554 1585 2030 3 1326 1242 1924 2018 1 1308 1212 1980 2035
Norway_008174.jpg,2 486 1411 1436 1525
Norway_008175.jpg,
Norway_008176.jpg,
Norway_008177.jpg,
Norway_008178.jpg,
Norway_008179.jpg,1 0 1643 210 2004
Norway_008180.jpg,
Norway_008181.jpg,
Norway_008182.jpg,
Norway_008183.jpg,
Norway_008184.jpg,
Norway_008185.jpg,
Norway_008186.jpg,
Norway_008187.jpg,
Norway_008188.jpg,
Norway_008189.jpg,
Norway_008190.jpg,
Norway_008191.jpg,
Norway_008192.jpg,1 277 1308 716 1538 1 1617 1713 1961 1990 1 0 1305 738 1697
Norway_008193.jpg,
Norway_008194.jpg,
Norway_008195.jpg,3 326 1453 1343 2037
Norway_008196.jpg,1 1131 1109 1193 1227 1 300 1282 1033 2020 1 0 1597 155 1991 1 244 1195 1065 1678
Norway_008197.jpg,2 250 1445 1841 1624
Norway_008198.jpg,
Norway_008199.jpg,
Norway_008200.jpg,
Norway_008201.jpg,
Norway_008202.jpg,1 104 1547 777 2011
Norway_008203.jpg,
Norway_008204.jpg,
Norway_008205.jpg,
Norway_008206.jpg,1 1140 1186 1222 1393
Norway_008207.jpg,
Norway_008208.jpg,
Norway_008209.jpg,
Norway_008210.jpg,
Norway_008211.jpg,
Norway_008212.jpg,1 968 1241 1183 1430 1 261 1807 552 2036
Norway_008213.jpg,
Norway_008214.jpg,
Norway_008215.jpg,
Norway_008216.jpg,
Norway_008217.jpg,1 766 1459 1062 2023 1 965 1387 1068 1599
Norway_008218.jpg,1 1527 1419 1575 1513 3 1664 1310 2026 1949 3 1673 1305 1945 1695 1 2071 1868 2184 2040
Norway_008219.jpg,
Norway_008220.jpg,2 0 1674 1015 1783 2 0 1630 2130 1800
Norway_008221.jpg,1 730 1926 829 2042 1 1063 1171 1314 1391 3 0 1693 221 1940 3 257 1728 784 2044
Norway_008222.jpg,1 6 1458 553 1779 1 1581 1283 1660 1363 1 53 1275 952 1711 1 638 1216 1036 1458 1 1816 1483 2014 1884
Norway_008223.jpg,
Norway_008224.jpg,
Norway_008225.jpg,1 2 1400 704 1929
Norway_008226.jpg,
Norway_008227.jpg,
Norway_008228.jpg,
Norway_008229.jpg,
Norway_008230.jpg,
Norway_008231.jpg,1 593 1706 873 2025 1 1510 1376 1599 1701 1 745 1218 1122 1411 1 1765 1703 1937 2038 3 583 1324 1255 2018
Norway_008232.jpg,1 1846 1521 1989 1704 1 78 1480 659 1804
Norway_008233.jpg,
Norway_008234.jpg,
Norway_008235.jpg,
Norway_008236.jpg,1 1472 1171 1557 1348 1 538 1250 1033 1493 1 1061 1295 1254 1443
Norway_008237.jpg,
Norway_008238.jpg,
Norway_008239.jpg,
Norway_008240.jpg,1 396 1610 798 2018
Norway_008241.jpg,
Norway_008242.jpg,1 395 1682 783 2034 1 608 1395 1123 1770 2 940 1809 1193 2028 4 2378 1551 2709 1665 1 948 1818 1197 2033
Norway_008243.jpg,
Norway_008244.jpg,1 1344 1810 1452 2035 1 139 1667 525 2001 2 217 1571 1650 1828 1 830 1434 985 1612
Norway_008245.jpg,
Norway_008246.jpg,
Norway_008247.jpg,1 749 1346 1145 1525 1 1430 1163 1503 1381 1 1375 1173 1513 1521 1 1340 1436 1505 1569
Norway_008248.jpg,1 1460 1147 1581 1333 2 1796 1839 2104 1955 1 1569 1334 1840 2027
Norway_008249.jpg,1 1477 1245 1527 1300 1 1319 1231 1436 1340 1 1521 1347 1718 1559 1 884 1292 1193 1584 1 832 1355 1239 2021
Norway_008250.jpg,
Norway_008251.jpg,
Norway_008252.jpg,1 1085 1430 1243 1860
Norway_008253.jpg,
Norway_008254.jpg,
Norway_008255.jpg,
Norway_008256.jpg,
Norway_008257.jpg,
Norway_008258.jpg,
Norway_008259.jpg,1 1678 1263 2477 2031
Norway_008260.jpg,
Norway_008261.jpg,
Norway_008262.jpg,
Norway_008263.jpg,
Norway_008264.jpg,
Norway_008265.jpg,
Norway_008266.jpg,
Norway_008267.jpg,
Norway_008268.jpg,
Norway_008269.jpg,
Norway_008270.jpg,
Norway_008271.jpg,3 1314 1554 1643 2024 1 1449 1861 1548 2029
Norway_008272.jpg,
Norway_008273.jpg,
Norway_008274.jpg,1 1420 1185 1481 1280 1 1108 1860 1220 2041 1 1410 1179 1506 1516 1 1333 1514 1439 1889
Norway_008275.jpg,
Norway_008276.jpg,
Norway_008277.jpg,
Norway_008278.jpg,
Norway_008279.jpg,
Norway_008280.jpg,
Norway_008281.jpg,1 436 1706 813 2012
Norway_008282.jpg,4 1210 1906 1370 2012
Norway_008283.jpg,
Norway_008284.jpg,
Norway_008285.jpg,
Norway_008286.jpg,
Norway_008287.jpg,
Norway_008288.jpg,1 1002 1087 1120 1235
Norway_008289.jpg,
Norway_008290.jpg,
Norway_008291.jpg,
Norway_008292.jpg,1 1271 1557 1321 1666 1 1446 1122 1551 1315
Norway_008293.jpg,1 504 1377 650 1459 1 1324 1947 1394 2039 1 5 1400 571 1649 1 762 1547 877 1742 1 564 1950 657 2040
Norway_008294.jpg,
Norway_008295.jpg,
Norway_008296.jpg,
Norway_008297.jpg,
Norway_008298.jpg,
Norway_008299.jpg,1 0 1134 1158 1836
Norway_008300.jpg,2 1 1554 200 1668
Norway_008301.jpg,
Norway_008302.jpg,
Norway_008303.jpg,
Norway_008304.jpg,
Norway_008305.jpg,
Norway_008306.jpg,1 0 1493 611 1972 1 1499 1796 1598 2037 2 450 1675 760 1755 1 408 1413 922 1696 1 1502 1884 1570 2038
Norway_008307.jpg,
Norway_008308.jpg,1 1561 1316 1633 1476
Norway_008309.jpg,
Norway_008310.jpg,
Norway_008311.jpg,
Norway_008312.jpg,2 1185 1573 1577 1672 1 690 1503 842 1655 1 1621 1424 1677 1516 1 1438 1499 1581 1649 1 858 1471 1027 1669
Norway_008313.jpg,1 1784 1583 1978 1959 1 773 1283 1054 1457 1 1127 1189 1393 1556
Norway_008314.jpg,1 569 1696 698 1795 1 1514 1640 1604 1916 1 321 1704 697 2029
Norway_008315.jpg,1 1661 1152 1912 1541
Norway_008316.jpg,1 1350 1898 1455 2033 1 1295 1497 1489 1877
Norway_008317.jpg,1 1590 1525 1800 2031 1 510 1604 931 2027
Norway_008318.jpg,
Norway_008319.jpg,
Norway_008320.jpg,
Norway_008321.jpg,1 1173 1174 1351 1353
Norway_008322.jpg,
Norway_008323.jpg,
Norway_008324.jpg,
Norway_008325.jpg,
Norway_008326.jpg,1 1421 1236 1479 1327 1 1347 1317 1396 1396 1 1430 1350 1523 1525 1 1682 1516 1905 2033
Norway_008327.jpg,
Norway_008328.jpg,1 606 1648 903 1987 2 691 1532 1781 1635 1 587 1658 770 1947 1 746 1664 941 2039
Norway_008329.jpg,
Norway_008330.jpg,
Norway_008331.jpg,
Norway_008332.jpg,
Norway_008333.jpg,
Norway_008334.jpg,1 18 1587 226 1728 1 26 1630 158 1730
Norway_008335.jpg,
Norway_008336.jpg,1 1254 1196 1338 1323
Norway_008337.jpg,
Norway_008338.jpg,
Norway_008339.jpg,
Norway_008340.jpg,1 1419 1515 1585 2026 1 1448 1509 1825 2041 1 1675 1742 1822 2041 3 1410 1481 1812 2026
Norway_008341.jpg,
Norway_008342.jpg,1 511 1682 878 2033 1 506 1957 616 2041
Norway_008343.jpg,
Norway_008344.jpg,1 1325 1159 1372 1231 1 1496 1650 1654 2041
Norway_008345.jpg,
Norway_008346.jpg,1 1048 1089 1140 1253 1 1483 1305 1659 1487 1 694 1152 904 1346 1 679 1258 883 1429 1 1360 1277 1580 2041
Norway_008347.jpg,
Norway_008348.jpg,
Norway_008349.jpg,
Norway_008350.jpg,2 721 1386 1725 1474
Norway_008351.jpg,
Norway_008352.jpg,
Norway_008353.jpg,
Norway_008354.jpg,
Norway_008355.jpg,
Norway_008356.jpg,1 1250 1437 1306 1533
Norway_008357.jpg,
Norway_008358.jpg,1 1258 1829 1326 2018 3 1251 1310 1587 2033
Norway_008359.jpg,
Norway_008360.jpg,1 904 1237 942 1323
Norway_008361.jpg,1 1690 1498 1763 1592 1 1007 1409 1105 1489 1 0 1553 374 1828
Norway_008362.jpg,
Norway_008363.jpg,
Norway_008364.jpg,
Norway_008365.jpg,
Norway_008366.jpg,
Norway_008367.jpg,4 2653 1232 3261 1474
Norway_008368.jpg,
Norway_008369.jpg,
Norway_008370.jpg,
Norway_008371.jpg,
Norway_008372.jpg,
Norway_008373.jpg,
Norway_008374.jpg,
Norway_008375.jpg,
Norway_008376.jpg,
Norway_008377.jpg,
Norway_008378.jpg,
Norway_008379.jpg,1 973 1110 1124 1330 1 1045 1350 1204 1760
Norway_008380.jpg,
Norway_008381.jpg,1 32 1311 940 1791
Norway_008382.jpg,1 1438 1170 2065 2014
Norway_008383.jpg,1 1315 1751 1429 2037 1 1736 1275 1929 1461 1 2048 1588 2440 2030 1 1932 1530 2059 1801 1 1738 1936 1800 2037
Norway_008384.jpg,1 1463 1108 1529 1244 1 1574 1194 1683 1422
Norway_008385.jpg,
Norway_008386.jpg,
Norway_008387.jpg,1 1668 1366 1756 1511 1 1429 1132 1484 1322 1 1531 1161 1626 1393 1 1595 1514 1693 1790 1 1433 1787 1575 2036
Norway_008388.jpg,3 1308 1621 1965 2022 1 1129 1307 1470 1743 3 884 1227 1095 1551 1 1077 1515 1187 1753 1 633 1561 869 1860
Norway_008389.jpg,
Norway_008390.jpg,1 1530 1403 1633 1689 1 364 1806 617 2031
Norway_008391.jpg,
Norway_008392.jpg,
Norway_008393.jpg,
Norway_008394.jpg,
Norway_008395.jpg,
Norway_008396.jpg,1 1209 1701 1423 2030
Norway_008397.jpg,
Norway_008398.jpg,
Norway_008399.jpg,
Norway_008400.jpg,
Norway_008401.jpg,
Norway_008402.jpg,
Norway_008403.jpg,
Norway_008404.jpg,1 1179 1286 1245 1377 1 0 1169 1110 1980 1 1250 1122 1297 1194 1 1014 1400 1189 1798 1 0 1502 486 2012
Norway_008405.jpg,
Norway_008406.jpg,
Norway_008407.jpg,
Norway_008408.jpg,
Norway_008409.jpg,1 0 1372 603 1729 1 1687 1831 1818 2040 1 1544 1635 1654 2015 1 1957 1668 2259 2030 1 992 1453 1124 1657
Norway_008410.jpg,1 956 1313 1094 1529
Norway_008411.jpg,1 12 1339 813 2000
Norway_008412.jpg,
Norway_008413.jpg,
Norway_008414.jpg,3 1404 1399 1557 1603
Norway_008415.jpg,
Norway_008416.jpg,1 1484 1333 2040 2035
Norway_008417.jpg,
Norway_008418.jpg,
Norway_008419.jpg,
Norway_008420.jpg,1 1073 1088 1145 1172 1 1506 1726 1690 2035 1 1189 1285 1315 1585
Norway_008421.jpg,
Norway_008422.jpg,
Norway_008423.jpg,1 1522 1169 1991 2030
Norway_008424.jpg,
Norway_008425.jpg,
Norway_008426.jpg,
Norway_008427.jpg,
Norway_008428.jpg,1 1458 1344 1503 1394 1 1551 1936 1598 2042 1 1699 1467 1846 1602 1 1407 1622 1467 1764 1 1714 1720 1761 1805
Norway_008429.jpg,
Norway_008430.jpg,
Norway_008431.jpg,
Norway_008432.jpg,
Norway_008433.jpg,1 1525 1398 1837 1702 1 1274 1217 1494 1378 1 9 1390 644 1740
Norway_008434.jpg,
Norway_008435.jpg,
Norway_008436.jpg,
Norway_008437.jpg,
Norway_008438.jpg,
Norway_008439.jpg,
Norway_008440.jpg,1 1240 1274 1402 1520 1 1129 1541 1244 1652
Norway_008441.jpg,
Norway_008442.jpg,1 831 1507 916 1574 1 714 1430 818 1516 1 978 1338 1062 1477 1 619 1862 758 2024 3 1238 1488 1763 1903
Norway_008443.jpg,1 1146 1212 1228 1470
Norway_008444.jpg,
Norway_008445.jpg,
Norway_008446.jpg,
Norway_008447.jpg,1 565 1441 929 1792 1 1270 1225 1358 1363 2 16 1784 1910 1997 1 1693 1587 1876 2024
Norway_008448.jpg,
Norway_008449.jpg,1 1519 1403 1614 1615
Norway_008450.jpg,
Norway_008451.jpg,
Norway_008452.jpg,1 1630 1295 2181 2029
Norway_008453.jpg,
Norway_008454.jpg,
Norway_008455.jpg,1 523 1472 1080 2024 1 1022 1464 1374 2038
Norway_008456.jpg,
Norway_008457.jpg,1 1539 1255 1602 1351 1 2764 1193 2890 1317
Norway_008458.jpg,
Norway_008459.jpg,1 1 1509 230 1689
Norway_008460.jpg,
Norway_008461.jpg,
Norway_008462.jpg,1 1303 1202 1470 2041
Norway_008463.jpg,1 418 1865 515 2007
Norway_008464.jpg,2 1501 1468 1835 1530 1 1528 1625 1607 1861 4 1528 1615 1599 1695 1 1297 1688 1345 1761 2 1554 1851 2229 1986
Norway_008465.jpg,1 487 1089 915 1303 1 1342 1243 1434 1547 1 471 1327 1073 2024
Norway_008466.jpg,
Norway_008467.jpg,
Norway_008468.jpg,1 0 1641 266 1900 1 1280 1599 1420 2041 1 1679 1637 1838 2037
Norway_008469.jpg,1 3098 1603 3211 1857
Norway_008470.jpg,
Norway_008471.jpg,1 1379 1234 2044 2027
Norway_008472.jpg,1 180 1422 561 1644 1 1232 1562 1352 2041 1 895 1930 988 2040 1 1459 1222 1589 1392 1 1 1568 265 1824
Norway_008473.jpg,
Norway_008474.jpg,
Norway_008475.jpg,
Norway_008476.jpg,
Norway_008477.jpg,
Norway_008478.jpg,
Norway_008479.jpg,1 1519 1309 1737 2044 1 0 1302 839 1689 1 1086 1229 1406 1647
Norway_008480.jpg,
Norway_008481.jpg,
Norway_008482.jpg,
Norway_008483.jpg,
Norway_008484.jpg,1 1432 1381 1710 1874 1 1552 1665 1681 2015 1 1566 1684 1683 1859 1 655 1922 790 2031 1 1442 1436 1543 1678
Norway_008485.jpg,
Norway_008486.jpg,
Norway_008487.jpg,1 1503 1308 1558 1416 4 529 1794 602 1841 1 1458 1570 1640 1755 1 1428 1787 1519 2040
Norway_008488.jpg,1 1716 1669 1781 1818 1 1445 1617 1507 1817 1 1886 1876 1941 1945 1 1208 1271 1367 1481 1 1353 1145 1444 1286
Norway_008489.jpg,1 632 1271 1127 2035
Norway_008490.jpg,1 1022 1362 1161 1520 1 1520 1256 1861 2032
Norway_008491.jpg,
Norway_008492.jpg,
Norway_008493.jpg,1 1014 1344 1446 2037
Norway_008494.jpg,
Norway_008495.jpg,
Norway_008496.jpg,
Norway_008497.jpg,
Norway_008498.jpg,
Norway_008499.jpg,
Norway_008500.jpg,
Norway_008501.jpg,
Norway_008502.jpg,1 2444 1596 2709 1798 1 2013 1418 2406 1707 1 2001 1402 2582 1958 1 2132 1330 2263 1406
Norway_008503.jpg,1 744 1747 910 2035 2 137 1609 1849 1775
Norway_008504.jpg,1 1768 1339 1899 1591 1 1740 1724 1830 2031 1 822 1615 1036 1919 1 1785 1623 2042 2033
Norway_008505.jpg,
Norway_008506.jpg,
Norway_008507.jpg,
Norway_008508.jpg,
Norway_008509.jpg,
Norway_008510.jpg,
Norway_008511.jpg,
Norway_008512.jpg,2 0 1659 613 1768 1 1647 1856 1727 2029 1 156 1321 1173 1988 3 1465 1616 1749 2016
Norway_008513.jpg,
Norway_008514.jpg,1 1695 1406 1771 1487 1 1774 1537 1859 1733 1 1723 1425 1862 1739
Norway_008515.jpg,
Norway_008516.jpg,
Norway_008517.jpg,1 1871 1711 2156 2025
Norway_008518.jpg,1 1142 1258 1193 1314 1 1441 1280 1555 1494 1 1289 1330 1483 2041
Norway_008519.jpg,
Norway_008520.jpg,1 1392 1531 1557 1659 1 1567 1208 1662 1455
Norway_008521.jpg,1 1567 1054 1615 1131 1 1006 1227 1103 1297
Norway_008522.jpg,
Norway_008523.jpg,3 509 1559 1036 2030
Norway_008524.jpg,
Norway_008525.jpg,
Norway_008526.jpg,
Norway_008527.jpg,
Norway_008528.jpg,3 11 1530 682 1961 3 812 1487 1414 2044
Norway_008529.jpg,
Norway_008530.jpg,2 168 1686 1746 1879
Norway_008531.jpg,
Norway_008532.jpg,1 373 1821 596 2026 1 351 1646 682 2020 1 590 1242 1057 1847 1 21 1623 425 2030 1 270 1564 566 1750
Norway_008533.jpg,1 384 1307 1301 2023
Norway_008534.jpg,1 1596 1301 1966 2034
Norway_008535.jpg,1 2061 1809 2311 2023 1 1609 1345 1937 2040
Norway_008536.jpg,
Norway_008537.jpg,
Norway_008538.jpg,
Norway_008539.jpg,
Norway_008540.jpg,1 1742 1748 1859 2040 1 1599 1493 1703 1749 1 1590 1481 1859 2040
Norway_008541.jpg,
Norway_008542.jpg,1 1125 1471 1235 1671 1 1288 1223 1497 1450 1 823 1822 955 2039
Norway_008543.jpg,
Norway_008544.jpg,
Norway_008545.jpg,
Norway_008546.jpg,1 2117 1707 2354 1834 1 1674 1398 1710 1441 3 1523 1150 1666 1311
Norway_008547.jpg,
Norway_008548.jpg,1 4 1534 233 1910 1 1043 1425 1214 1760 1 1046 1214 1172 1297 1 1446 1329 1521 1412 1 540 1280 829 1412
Norway_008549.jpg,
Norway_008550.jpg,1 1236 1168 1298 1234
Norway_008551.jpg,
Norway_008552.jpg,1 1521 1150 1563 1230 1 1528 1247 1602 1308 1 1322 1319 1435 1611 1 884 1599 1279 2038
Norway_008553.jpg,4 3877 1354 4035 1609 4 3377 560 3594 749
Norway_008554.jpg,
Norway_008555.jpg,
Norway_008556.jpg,1 311 1265 900 2022
Norway_008557.jpg,
Norway_008558.jpg,
Norway_008559.jpg,1 1203 1103 1343 1205 1 240 1535 782 1997
Norway_008560.jpg,
Norway_008561.jpg,
Norway_008562.jpg,1 384 1629 793 2032 1 1660 1368 1761 1557 1 1581 1591 1745 2033
Norway_008563.jpg,1 1643 1308 1730 1488 1 1815 1524 1973 1790 1 1539 1171 1591 1285 1 1762 1322 1942 1511 1 1834 1560 2037 2043
Norway_008564.jpg,
Norway_008565.jpg,1 490 1386 748 1750
Norway_008566.jpg,
Norway_008567.jpg,
Norway_008568.jpg,1 326 1289 1133 2018
Norway_008569.jpg,
Norway_008570.jpg,
Norway_008571.jpg,
Norway_008572.jpg,
Norway_008573.jpg,
Norway_008574.jpg,
Norway_008575.jpg,
Norway_008576.jpg,1 1441 1888 1494 2023 1 1450 1628 1694 2021
Norway_008577.jpg,
Norway_008578.jpg,
Norway_008579.jpg,1 1601 1697 1808 2035
Norway_008580.jpg,1 1324 1631 1397 1796 1 1479 1202 1536 1280 1 739 1247 869 1326 1 1320 1695 1375 1796 1 1270 1219 1321 1290
Norway_008581.jpg,
Norway_008582.jpg,
Norway_008583.jpg,
Norway_008584.jpg,
Norway_008585.jpg,
Norway_008586.jpg,
Norway_008587.jpg,
Norway_008588.jpg,1 903 1298 1063 1456
Norway_008589.jpg,1 1862 1529 2301 2031
Norway_008590.jpg,1 1296 1141 1336 1219 1 1250 1768 1326 2032 1 1277 1409 1418 2035
Norway_008591.jpg,
Norway_008592.jpg,
Norway_008593.jpg,
Norway_008594.jpg,1 1447 1205 1533 1496 1 1198 1520 1406 1872 1 0 1623 388 1992
Norway_008595.jpg,
Norway_008596.jpg,
Norway_008597.jpg,1 898 1189 1201 1497 1 460 1278 818 1471 1 478 1347 1060 1979 1 1697 1565 1941 1780 1 0 1302 765 1849
Norway_008598.jpg,1 1558 1379 2140 2031
Norway_008599.jpg,
Norway_008600.jpg,
Norway_008601.jpg,
Norway_008602.jpg,1 1 1309 638 1649
Norway_008603.jpg,1 2093 1836 2254 2032 1 1477 1403 1550 1609
Norway_008604.jpg,1 1010 1202 1282 1670 1 203 1357 619 1539 1 1329 1326 1367 1426 1 789 1250 1014 1441 1 1683 1393 1769 1550
Norway_008605.jpg,1 1086 1070 1153 1285
Norway_008606.jpg,
Norway_008607.jpg,
Norway_008608.jpg,1 1140 1120 1231 1223
Norway_008609.jpg,
Norway_008610.jpg,1 217 1592 679 2035 3 208 1605 661 2033
Norway_008611.jpg,
Norway_008612.jpg,1 561 1243 1188 1759
Norway_008613.jpg,
Norway_008614.jpg,
Norway_008615.jpg,
Norway_008616.jpg,
Norway_008617.jpg,
Norway_008618.jpg,1 1072 1082 1134 1203 1 886 1248 1067 1905 1 0 1293 634 1953
Norway_008619.jpg,
Norway_008620.jpg,
Norway_008621.jpg,
Norway_008622.jpg,
Norway_008623.jpg,
Norway_008624.jpg,
Norway_008625.jpg,1 297 1777 589 2015 1 1488 1348 1571 1737
Norway_008626.jpg,
Norway_008627.jpg,
Norway_008628.jpg,
Norway_008629.jpg,
Norway_008630.jpg,1 2500 1672 2977 2036
Norway_008631.jpg,
Norway_008632.jpg,3 1446 1539 1836 2041 1 1558 1714 1807 2041 1 906 1867 997 2040 1 615 1445 1052 2041 1 1452 1559 1825 2041
Norway_008633.jpg,
Norway_008634.jpg,
Norway_008635.jpg,1 1377 1215 2104 2034
Norway_008636.jpg,3 264 1426 867 1824 1 1488 1792 1608 2022
Norway_008637.jpg,
Norway_008638.jpg,
Norway_008639.jpg,
Norway_008640.jpg,1 0 1398 567 1700
Norway_008641.jpg,1 1546 1589 1788 2041 1 187 1196 1102 1620
Norway_008642.jpg,
Norway_008643.jpg,
Norway_008644.jpg,
Norway_008645.jpg,
Norway_008646.jpg,
Norway_008647.jpg,
Norway_008648.jpg,1 1422 1103 1471 1180 1 0 1399 623 1744
Norway_008649.jpg,
Norway_008650.jpg,1 1175 1253 1264 1359 1 1350 1193 1434 1320 1 1387 1140 1473 1215 1 1461 1332 1544 1671 1 2 1620 274 1752
Norway_008651.jpg,1 1379 1121 1433 1207 1 1607 1685 1655 1771 1 1440 1457 1527 1646 1 1447 1457 1520 1541 1 1489 1279 1557 1431
Norway_008652.jpg,
Norway_008653.jpg,1 1512 1676 1618 1804 1 1315 1112 1397 1369 1 949 1312 1017 1421 1 1403 1371 1519 1598 1 1378 1241 1514 1508
Norway_008654.jpg,
Norway_008655.jpg,
Norway_008656.jpg,
Norway_008657.jpg,
Norway_008658.jpg,
Norway_008659.jpg,
Norway_008660.jpg,
Norway_008661.jpg,
Norway_008662.jpg,
Norway_008663.jpg,1 1281 1151 1392 1287 1 744 1240 1038 1380 1 1073 1200 1166 1257 1 7 1612 233 1752 1 499 1441 711 1559
Norway_008664.jpg,
Norway_008665.jpg,1 1587 1330 1727 1641 1 1853 1506 1966 1664 1 1600 1473 1702 1605 1 1613 1458 1749 1790 1 1844 1607 2211 2032
Norway_008666.jpg,
Norway_008667.jpg,
Norway_008668.jpg,
Norway_008669.jpg,
Norway_008670.jpg,
Norway_008671.jpg,
Norway_008672.jpg,
Norway_008673.jpg,
Norway_008674.jpg,
Norway_008675.jpg,
Norway_008676.jpg,
Norway_008677.jpg,1 1421 1476 1476 1579 1 1160 1654 1271 1894 1 1654 1277 1755 1473 1 1569 1675 1665 2036 1 711 1739 827 2035
Norway_008678.jpg,
Norway_008679.jpg,1 0 1485 383 1729
Norway_008680.jpg,
Norway_008681.jpg,1 1399 1230 2053 2033
Norway_008682.jpg,
Norway_008683.jpg,
Norway_008684.jpg,
Norway_008685.jpg,
Norway_008686.jpg,1 445 1704 767 2031 1 1226 1147 1258 1202 1 512 1286 783 1410
Norway_008687.jpg,
Norway_008688.jpg,1 3242 549 3289 688 1 3231 912 3381 1094
Norway_008689.jpg,
Norway_008690.jpg,
Norway_008691.jpg,
Norway_008692.jpg,1 812 1168 931 1256 1 162 1538 309 1622
Norway_008693.jpg,
Norway_008694.jpg,
Norway_008695.jpg,1 1841 1884 2046 2034
Norway_008696.jpg,1 764 1239 1042 1353 1 1386 1246 1455 1361 1 1133 1180 1343 1307 1 464 1383 613 1481 1 524 1353 998 1592
Norway_008697.jpg,
Norway_008698.jpg,
Norway_008699.jpg,
Norway_008700.jpg,
Norway_008701.jpg,
Norway_008702.jpg,
Norway_008703.jpg,
Norway_008704.jpg,
Norway_008705.jpg,
Norway_008706.jpg,
Norway_008707.jpg,4 1499 1390 1582 1430 4 587 1516 686 1571 1 1636 1681 1694 1844 1 118 1802 520 2020 4 110 1898 311 2014
Norway_008708.jpg,
Norway_008709.jpg,
Norway_008710.jpg,
Norway_008711.jpg,4 1309 1457 1444 1518 1 1303 1157 1367 1272 1 1294 1133 1355 1239 1 1155 1222 1224 1293 1 49 1383 980 2017
Norway_008712.jpg,
Norway_008713.jpg,
Norway_008714.jpg,
Norway_008715.jpg,1 329 1755 620 2023
Norway_008716.jpg,1 1364 1228 1452 1769
Norway_008717.jpg,1 910 1182 1345 1526
Norway_008718.jpg,
Norway_008719.jpg,
Norway_008720.jpg,
Norway_008721.jpg,
Norway_008722.jpg,1 1501 1283 2035 2034
Norway_008723.jpg,
Norway_008724.jpg,
Norway_008725.jpg,1 1582 1226 1656 1361 1 225 1528 395 1627 1 481 1319 860 1496 1 378 1919 519 2039 1 1511 1395 1611 1480
Norway_008726.jpg,
Norway_008727.jpg,
Norway_008728.jpg,1 0 1311 837 1710
Norway_008729.jpg,1 1481 1201 1564 1358 1 1459 1203 1601 2034 1 0 1492 363 1883
Norway_008730.jpg,1 316 1435 581 1560 1 0 1415 612 1712 1 1445 1236 1511 1490 2 5 1768 1442 1922 1 340 1378 692 1547
Norway_008731.jpg,
Norway_008732.jpg,
Norway_008733.jpg,2 1508 1543 1730 1606 1 606 1275 908 1433 1 1569 1324 1709 1479 1 215 1571 890 2026
Norway_008734.jpg,
Norway_008735.jpg,
Norway_008736.jpg,
Norway_008737.jpg,
Norway_008738.jpg,
Norway_008739.jpg,
Norway_008740.jpg,
Norway_008741.jpg,1 1443 1249 2052 2031
Norway_008742.jpg,
Norway_008743.jpg,
Norway_008744.jpg,2 3580 1650 4034 1727
Norway_008745.jpg,
Norway_008746.jpg,4 1791 1855 1880 1935 1 1239 1653 1329 2035 4 1473 1577 1739 1937 4 1483 1599 1670 1812
Norway_008747.jpg,3 1 1531 582 1812 1 772 1884 914 2025 1 1344 1217 1492 1515 1 688 1937 770 2037 1 998 1309 1110 1452
Norway_008748.jpg,
Norway_008749.jpg,
Norway_008750.jpg,
Norway_008751.jpg,
Norway_008752.jpg,1 779 1627 1079 2027
Norway_008753.jpg,1 1738 1857 1856 2032 1 1258 1404 1426 2032
Norway_008754.jpg,1 2253 1807 2558 2031
Norway_008755.jpg,1 1236 1174 1451 1308
Norway_008756.jpg,
Norway_008757.jpg,
Norway_008758.jpg,
Norway_008759.jpg,1 1302 1386 1543 2010
Norway_008760.jpg,
Norway_008761.jpg,
Norway_008762.jpg,
Norway_008763.jpg,
Norway_008764.jpg,2 45 1384 537 1542
Norway_008765.jpg,
Norway_008766.jpg,
Norway_008767.jpg,
Norway_008768.jpg,
Norway_008769.jpg,
Norway_008770.jpg,1 1382 1353 1439 1457
Norway_008771.jpg,
Norway_008772.jpg,
Norway_008773.jpg,
Norway_008774.jpg,
Norway_008775.jpg,2 650 1324 1821 1430
Norway_008776.jpg,1 192 1422 678 1667 1 710 1380 1129 1958
Norway_008777.jpg,3 0 1302 634 2006
Norway_008778.jpg,
Norway_008779.jpg,
Norway_008780.jpg,
Norway_008781.jpg,
Norway_008782.jpg,
Norway_008783.jpg,
Norway_008784.jpg,
Norway_008785.jpg,1 263 1428 569 1556 1 224 1377 760 1561 1 690 1358 860 1444 1 342 1388 1063 2030
Norway_008786.jpg,1 1445 1591 1509 1681 1 1534 1381 1660 1625
Norway_008787.jpg,
Norway_008788.jpg,
Norway_008789.jpg,1 1143 1755 1249 2040 1 598 1436 791 1677 1 0 1634 189 1981 1 1347 1922 1397 2034 1 1464 1852 1549 2029
Norway_008790.jpg,
Norway_008791.jpg,
Norway_008792.jpg,1 1081 1158 1162 1204 1 1418 1239 1544 1444 1 1202 1146 1283 1210 1 1339 1251 1377 1291 1 1321 1445 1447 2044
Norway_008793.jpg,
Norway_008794.jpg,
Norway_008795.jpg,
Norway_008796.jpg,
Norway_008797.jpg,
Norway_008798.jpg,
Norway_008799.jpg,
Norway_008800.jpg,
Norway_008801.jpg,1 1102 1430 1375 1957
Norway_008802.jpg,
Norway_008803.jpg,
Norway_008804.jpg,1 916 1125 1299 1453 1 894 1606 1085 2030 1 1498 1398 1644 2036
Norway_008805.jpg,1 292 1749 617 2025
Norway_008806.jpg,1 1255 1342 1342 1514
Norway_008807.jpg,
Norway_008808.jpg,1 1291 1155 1433 1274 1 1282 1265 1383 1348 3 1482 1251 1895 2041
Norway_008809.jpg,1 1709 1210 2053 1570 1 1804 1280 2775 2034
Norway_008810.jpg,
Norway_008811.jpg,
Norway_008812.jpg,1 882 1250 1069 1496 1 683 1489 823 1669 1 667 1244 1064 1665 1 413 1661 804 2022
Norway_008813.jpg,1 1687 1644 1900 2029 1 1489 1273 1899 2042
Norway_008814.jpg,1 1475 1376 2024 2035
Norway_008815.jpg,1 1302 1182 1463 1454
Norway_008816.jpg,
Norway_008817.jpg,1 1077 1261 1265 1399
Norway_008818.jpg,
Norway_008819.jpg,
Norway_008820.jpg,1 264 1367 717 1586 2 19 1632 1395 1830
Norway_008821.jpg,1 1471 1332 1964 2035
Norway_008822.jpg,1 1351 1628 1393 1700 1 1192 1171 1299 1378 1 1401 1746 1480 1869
Norway_008823.jpg,
Norway_008824.jpg,
Norway_008825.jpg,
Norway_008826.jpg,
Norway_008827.jpg,1 1703 1344 1906 1578
Norway_008828.jpg,
Norway_008829.jpg,1 1357 1285 1497 1490
Norway_008830.jpg,
Norway_008831.jpg,
Norway_008832.jpg,
Norway_008833.jpg,
Norway_008834.jpg,
Norway_008835.jpg,4 1251 1484 1353 1582
Norway_008836.jpg,
Norway_008837.jpg,
Norway_008838.jpg,
Norway_008839.jpg,1 1958 1750 2160 2036 1 1760 1455 2166 2034
Norway_008840.jpg,
Norway_008841.jpg,1 1864 1621 1947 1748
Norway_008842.jpg,1 1653 1800 1729 1989 1 1817 1811 1878 1905 1 1588 1557 1719 1988
Norway_008843.jpg,
Norway_008844.jpg,1 829 1153 931 1266
Norway_008845.jpg,
Norway_008846.jpg,
Norway_008847.jpg,
Norway_008848.jpg,
Norway_008849.jpg,
Norway_008850.jpg,
Norway_008851.jpg,
Norway_008852.jpg,
Norway_008853.jpg,1 1439 1212 1558 1380
Norway_008854.jpg,
Norway_008855.jpg,2 697 1678 2000 1779 1 1197 1370 1298 1552
Norway_008856.jpg,
Norway_008857.jpg,
Norway_008858.jpg,
Norway_008859.jpg,1 1622 1280 2121 2044
Norway_008860.jpg,1 659 1677 984 2014
Norway_008861.jpg,
Norway_008862.jpg,
Norway_008863.jpg,
Norway_008864.jpg,
Norway_008865.jpg,
Norway_008866.jpg,
Norway_008867.jpg,
Norway_008868.jpg,
Norway_008869.jpg,
Norway_008870.jpg,
Norway_008871.jpg,
Norway_008872.jpg,
Norway_008873.jpg,
Norway_008874.jpg,
Norway_008875.jpg,
Norway_008876.jpg,
Norway_008877.jpg,
Norway_008878.jpg,
Norway_008879.jpg,
Norway_008880.jpg,1 1004 1288 1081 1468
Norway_008881.jpg,1 280 1597 794 2023 1 278 1928 410 2032
Norway_008882.jpg,
Norway_008883.jpg,1 2 1628 327 1997 1 318 1427 674 1644 1 5 1430 650 1950
Norway_008884.jpg,
Norway_008885.jpg,
Norway_008886.jpg,
Norway_008887.jpg,
Norway_008888.jpg,2 3313 1598 3644 1662
Norway_008889.jpg,
Norway_008890.jpg,
Norway_008891.jpg,
Norway_008892.jpg,
Norway_008893.jpg,
Norway_008894.jpg,
Norway_008895.jpg,
Norway_008896.jpg,
Norway_008897.jpg,
Norway_008898.jpg,
Norway_008899.jpg,1 1757 1513 2137 2035
Norway_008900.jpg,
Norway_008901.jpg,
Norway_008902.jpg,1 288 1264 1274 2003 1 1544 1190 1642 1412
Norway_008903.jpg,
Norway_008904.jpg,
Norway_008905.jpg,
Norway_008906.jpg,
Norway_008907.jpg,
Norway_008908.jpg,1 57 1392 920 1964
Norway_008909.jpg,1 0 1362 541 1688 1 604 1233 914 1430 1 180 1358 994 2037
Norway_008910.jpg,
Norway_008911.jpg,
Norway_008912.jpg,
Norway_008913.jpg,1 1725 1303 2077 1937 3 2076 1527 2539 2024 1 541 1754 598 1824 3 1732 1316 2090 1995
Norway_008914.jpg,
Norway_008915.jpg,
Norway_008916.jpg,
Norway_008917.jpg,
Norway_008918.jpg,
Norway_008919.jpg,
Norway_008920.jpg,1 862 1488 1053 1755 1 1641 1380 1744 1540 1 365 1792 459 1873 1 299 1924 419 2037 1 1476 1227 1581 1438
Norway_008921.jpg,1 955 1197 1104 1364
Norway_008922.jpg,
Norway_008923.jpg,1 1503 1662 1609 1911
Norway_008924.jpg,
Norway_008925.jpg,
Norway_008926.jpg,
Norway_008927.jpg,
Norway_008928.jpg,1 0 1169 1017 1724
Norway_008929.jpg,3 771 1593 1108 1896 2 1135 1505 1901 1588
Norway_008930.jpg,
Norway_008931.jpg,
Norway_008932.jpg,
Norway_008933.jpg,
Norway_008934.jpg,
Norway_008935.jpg,
Norway_008936.jpg,
Norway_008937.jpg,
Norway_008938.jpg,
Norway_008939.jpg,
Norway_008940.jpg,
Norway_008941.jpg,
Norway_008942.jpg,
Norway_008943.jpg,
Norway_008944.jpg,1 1351 1454 1538 2023
Norway_008945.jpg,
Norway_008946.jpg,
Norway_008947.jpg,4 836 1646 1070 1759 3 1531 1293 1818 1977
Norway_008948.jpg,1 1097 1106 1223 1227
Norway_008949.jpg,1 1032 1199 1153 1346 1 942 1175 1118 1327 1 771 1426 973 1615 1 939 1173 1018 1309 1 347 1689 704 2032
Norway_008950.jpg,
Norway_008951.jpg,
Norway_008952.jpg,1 1515 1311 1605 1585
Norway_008953.jpg,
Norway_008954.jpg,
Norway_008955.jpg,
Norway_008956.jpg,1 13 1427 380 1615 1 452 1330 626 1441
Norway_008957.jpg,1 1234 1153 1768 2030
Norway_008958.jpg,1 1486 1353 1542 1458 1 664 1477 1034 1962
Norway_008959.jpg,1 458 1271 607 1352
Norway_008960.jpg,
Norway_008961.jpg,
Norway_008962.jpg,1 354 1293 1232 2003
Norway_008963.jpg,
Norway_008964.jpg,
Norway_008965.jpg,
Norway_008966.jpg,1 0 1408 331 1640
Norway_008967.jpg,
Norway_008968.jpg,
Norway_008969.jpg,
Norway_008970.jpg,1 1269 1456 1302 1560 1 1316 1306 1356 1380 1 1332 1203 1445 1355 1 1186 1163 1271 1228 1 939 1195 1096 1342
Norway_008971.jpg,1 1875 1573 2196 2038 1 1801 1498 1913 1651 1 1607 1265 1710 1413 1 1988 1729 2192 2033 1 1028 1339 1264 1733
Norway_008972.jpg,1 1463 1275 2218 2028
Norway_008973.jpg,1 0 1478 341 1831 1 1356 1483 1413 1617
Norway_008974.jpg,2 898 1398 1582 1605 1 1396 1174 1441 1260 1 1724 1491 1850 1699 1 801 1714 926 2028 1 1531 1592 1710 2041
Norway_008975.jpg,
Norway_008976.jpg,
Norway_008977.jpg,
Norway_008978.jpg,
Norway_008979.jpg,
Norway_008980.jpg,
Norway_008981.jpg,
Norway_008982.jpg,
Norway_008983.jpg,1 1402 1897 1575 2021 2 1397 1903 1571 2023 1 1282 1213 1454 1477
Norway_008984.jpg,
Norway_008985.jpg,
Norway_008986.jpg,
Norway_008987.jpg,
Norway_008988.jpg,1 758 1222 1036 1369 2 0 1601 591 1722 1 237 1357 668 1577 1 886 1225 1024 1337 1 1462 1320 1599 2032
Norway_008989.jpg,
Norway_008990.jpg,1 1533 1321 1712 1978
Norway_008991.jpg,1 1546 1357 2142 2034
Norway_008992.jpg,
Norway_008993.jpg,
Norway_008994.jpg,1 1331 1244 1910 2033
Norway_008995.jpg,
Norway_008996.jpg,
Norway_008997.jpg,
Norway_008998.jpg,
Norway_008999.jpg,
Norway_009000.jpg,1 1045 1237 1243 1360 1 837 1331 1077 1527 1 1622 1160 1671 1296 1 211 1828 448 2028 1 1421 1197 1528 1417
Norway_009001.jpg,
Norway_009002.jpg,
Norway_009003.jpg,
Norway_009004.jpg,1 1324 1405 1397 1504 1 816 1312 1155 1596 1 1233 1137 1334 1236 1 1292 1146 1401 1364 1 1461 1486 1599 1665
Norway_009005.jpg,
Norway_009006.jpg,
Norway_009007.jpg,1 1400 1302 1905 2028
Norway_009008.jpg,
Norway_009009.jpg,1 1062 1140 1365 1466
Norway_009010.jpg,1 0 1553 465 1877 1 633 1309 698 1366 1 860 1295 1011 1426 1 596 1347 756 1521 1 196 1322 584 1530
Norway_009011.jpg,1 1 1637 395 2012
Norway_009012.jpg,
Norway_009013.jpg,
Norway_009014.jpg,1 451 1472 998 2028
Norway_009015.jpg,
Norway_009016.jpg,
Norway_009017.jpg,
Norway_009018.jpg,
Norway_009019.jpg,
Norway_009020.jpg,
Norway_009021.jpg,1 1057 1304 1158 1412 3 1460 1235 1854 2037 1 651 1473 1016 1839
Norway_009022.jpg,
Norway_009023.jpg,
Norway_009024.jpg,
Norway_009025.jpg,1 1677 1338 1733 1435 1 896 1494 1094 1616 1 220 1493 861 1890
Norway_009026.jpg,
Norway_009027.jpg,
Norway_009028.jpg,
Norway_009029.jpg,
Norway_009030.jpg,
Norway_009031.jpg,2 1576 1753 1829 1802 1 1435 1398 1621 2030
Norway_009032.jpg,
Norway_009033.jpg,
Norway_009034.jpg,
Norway_009035.jpg,1 0 1638 230 1969 1 2 1426 506 1828
Norway_009036.jpg,
Norway_009037.jpg,
Norway_009038.jpg,
Norway_009039.jpg,
Norway_009040.jpg,
Norway_009041.jpg,
Norway_009042.jpg,
Norway_009043.jpg,
Norway_009044.jpg,
Norway_009045.jpg,1 1566 1357 1719 1802
Norway_009046.jpg,
Norway_009047.jpg,
Norway_009048.jpg,
Norway_009049.jpg,
Norway_009050.jpg,1 306 1301 1120 1975 1 1724 1293 2524 2029
Norway_009051.jpg,
Norway_009052.jpg,
Norway_009053.jpg,
Norway_009054.jpg,
Norway_009055.jpg,
Norway_009056.jpg,
Norway_009057.jpg,
Norway_009058.jpg,
Norway_009059.jpg,1 777 1346 1021 1487 1 999 1700 1188 2036 1 986 1176 1457 1871 1 0 1497 657 2013 1 1589 1456 1728 1725
Norway_009060.jpg,1 0 1480 392 1721 1 1492 1203 1717 2040
Norway_009061.jpg,
Norway_009062.jpg,1 1471 1245 2217 2028
Norway_009063.jpg,
Norway_009064.jpg,
Norway_009065.jpg,1 634 1308 968 1475 2 3 1859 374 1939
Norway_009066.jpg,
Norway_009067.jpg,
Norway_009068.jpg,
Norway_009069.jpg,
Norway_009070.jpg,
Norway_009071.jpg,
Norway_009072.jpg,
Norway_009073.jpg,
Norway_009074.jpg,
Norway_009075.jpg,
Norway_009076.jpg,3 832 1641 1259 2024
Norway_009077.jpg,
Norway_009078.jpg,
Norway_009079.jpg,
Norway_009080.jpg,1 0 1236 621 1628
Norway_009081.jpg,
Norway_009082.jpg,
Norway_009083.jpg,2 871 1502 1773 1604
Norway_009084.jpg,1 659 1415 841 1662
Norway_009085.jpg,
Norway_009086.jpg,
Norway_009087.jpg,
Norway_009088.jpg,
Norway_009089.jpg,1 594 1316 1185 2017
Norway_009090.jpg,
Norway_009091.jpg,1 1921 1750 2007 1872
Norway_009092.jpg,
Norway_009093.jpg,
Norway_009094.jpg,
Norway_009095.jpg,
Norway_009096.jpg,
Norway_009097.jpg,
Norway_009098.jpg,
Norway_009099.jpg,1 1850 1464 2378 2023
Norway_009100.jpg,
Norway_009101.jpg,
Norway_009102.jpg,
Norway_009103.jpg,
Norway_009104.jpg,1 1184 1313 1263 1381 1 1262 1163 1405 1266 1 484 1379 1127 2017
Norway_009105.jpg,1 858 1215 1053 1319 1 1009 1307 1162 1448 1 0 1722 366 2024
Norway_009106.jpg,
Norway_009107.jpg,1 1465 1105 1531 1223 1 1824 1813 1986 2040 1 1565 1376 1809 1744 2 885 1474 1936 1817
Norway_009108.jpg,
Norway_009109.jpg,
Norway_009110.jpg,
Norway_009111.jpg,1 155 1483 794 1906 1 0 1452 579 1853 3 1438 1059 1554 1229 1 1655 1502 1978 2028 3 1437 1104 1575 1375
Norway_009112.jpg,
Norway_009113.jpg,
Norway_009114.jpg,
Norway_009115.jpg,
Norway_009116.jpg,
Norway_009117.jpg,
Norway_009118.jpg,
Norway_009119.jpg,1 742 1948 833 2039 1 1134 1536 1282 2036 1 1091 1268 1288 1578
Norway_009120.jpg,
Norway_009121.jpg,
Norway_009122.jpg,
Norway_009123.jpg,1 1378 1298 1887 2022
Norway_009124.jpg,
Norway_009125.jpg,
Norway_009126.jpg,1 1542 1511 1696 2022
Norway_009127.jpg,
Norway_009128.jpg,
Norway_009129.jpg,
Norway_009130.jpg,
Norway_009131.jpg,
Norway_009132.jpg,3 1644 1342 1889 1497
Norway_009133.jpg,
Norway_009134.jpg,
Norway_009135.jpg,1 1092 1225 1191 1383 1 1113 1304 1197 1391 1 1083 1205 1177 1322 1 1418 1362 1484 1456
Norway_009136.jpg,
Norway_009137.jpg,
Norway_009138.jpg,
Norway_009139.jpg,
Norway_009140.jpg,
Norway_009141.jpg,1 1476 1298 2166 2029
Norway_009142.jpg,
Norway_009143.jpg,
Norway_009144.jpg,
Norway_009145.jpg,
Norway_009146.jpg,1 1456 1270 1581 1980
Norway_009147.jpg,
Norway_009148.jpg,1 1461 1117 1491 1202 1 1181 1304 1227 1382
Norway_009149.jpg,2 533 1522 2043 1808
Norway_009150.jpg,
Norway_009151.jpg,1 0 1536 454 2002 1 0 1349 814 1905 1 896 1548 1511 2038
Norway_009152.jpg,1 1637 1284 1700 1388 1 1542 1309 1616 1447 1 1575 1275 1843 1706 1 1685 1662 1897 2037
Norway_009153.jpg,
Norway_009154.jpg,
Norway_009155.jpg,
Norway_009156.jpg,
Norway_009157.jpg,
Norway_009158.jpg,4 665 1745 865 1837
Norway_009159.jpg,
Norway_009160.jpg,
Norway_009161.jpg,
Norway_009162.jpg,
Norway_009163.jpg,
Norway_009164.jpg,
Norway_009165.jpg,1 1603 1418 1740 1696
Norway_009166.jpg,4 3653 252 3962 423
Norway_009167.jpg,
Norway_009168.jpg,2 0 1738 1951 1975 1 592 1208 1170 1702
Norway_009169.jpg,1 0 1341 715 1914
Norway_009170.jpg,1 1638 1714 1720 1807 1 1594 1414 1707 1818 1 1592 1660 1722 1818 1 1622 1434 1692 1581 1 1825 1810 1978 2034
Norway_009171.jpg,
Norway_009172.jpg,
Norway_009173.jpg,
Norway_009174.jpg,
Norway_009175.jpg,1 1895 1800 1992 2022 1 1438 1475 1491 1601 1 1267 1327 1385 1563 1 1585 1568 1700 1992 1 551 1364 758 1493
Norway_009176.jpg,
Norway_009177.jpg,
Norway_009178.jpg,1 973 1452 1031 1571
Norway_009179.jpg,
Norway_009180.jpg,1 0 1327 687 1670 2 23 1675 380 1865 2 14 1665 638 1907 2 1179 1810 1842 1947
Norway_009181.jpg,1 657 1677 793 1791 1 943 1189 1208 1311 1 170 1441 627 1696 1 1309 1430 1359 1506 1 653 1629 864 1797
Norway_009182.jpg,
Norway_009183.jpg,
Norway_009184.jpg,
Norway_009185.jpg,
Norway_009186.jpg,1 1 1472 539 1708
Norway_009187.jpg,1 1422 1609 1551 2040
Norway_009188.jpg,
Norway_009189.jpg,1 70 1506 787 2027
Norway_009190.jpg,4 3924 874 4039 1018
Norway_009191.jpg,
Norway_009192.jpg,1 1582 1191 1671 1334 1 472 1242 1001 1492 1 1567 1387 1979 2040
Norway_009193.jpg,
Norway_009194.jpg,1 1785 1863 1821 1924 1 1819 1886 1898 2032 1 1239 1143 1324 1213 1 1875 1933 1922 2032
Norway_009195.jpg,
Norway_009196.jpg,
Norway_009197.jpg,2 2271 1930 2557 2030 4 515 1801 749 2024
Norway_009198.jpg,
Norway_009199.jpg,1 1696 1585 1780 1760 1 1597 1767 1743 2034 3 979 1332 1413 1836 1 1834 1686 1927 1849 1 456 1548 886 2024
Norway_009200.jpg,
Norway_009201.jpg,1 574 1181 1076 1447 1 973 1111 1143 1255 1 830 1209 1267 1872
Norway_009202.jpg,
Norway_009203.jpg,
Norway_009204.jpg,1 1727 1544 1830 1724
Norway_009205.jpg,
Norway_009206.jpg,
Norway_009207.jpg,1 946 1563 1166 2041
Norway_009208.jpg,1 1455 1795 1501 1897 1 1102 1183 1493 1443 1 1211 1400 1297 1500 2 278 1527 1449 1725 1 0 1561 351 1841
Norway_009209.jpg,
Norway_009210.jpg,
Norway_009211.jpg,
Norway_009212.jpg,
Norway_009213.jpg,
Norway_009214.jpg,
Norway_009215.jpg,1 1225 1851 1283 1985 1 0 1358 930 1911
Norway_009216.jpg,
Norway_009217.jpg,
Norway_009218.jpg,
Norway_009219.jpg,
Norway_009220.jpg,
Norway_009221.jpg,
Norway_009222.jpg,
Norway_009223.jpg,
Norway_009224.jpg,1 1613 1259 1713 1426 1 1741 1395 2122 1777
Norway_009225.jpg,
Norway_009226.jpg,
Norway_009227.jpg,
Norway_009228.jpg,
Norway_009229.jpg,
Norway_009230.jpg,
Norway_009231.jpg,
Norway_009232.jpg,1 1207 1841 1308 2036 1 923 1314 1168 1537 1 0 1364 800 1764 1 1626 1623 1696 1816 1 1744 1758 1849 2036
Norway_009233.jpg,
Norway_009234.jpg,1 1363 1235 1470 1368
Norway_009235.jpg,1 0 1255 491 1578
Norway_009236.jpg,
Norway_009237.jpg,1 283 1251 1247 2014
Norway_009238.jpg,
Norway_009239.jpg,1 787 1571 987 1855 1 699 1549 999 1983
Norway_009240.jpg,
Norway_009241.jpg,
Norway_009242.jpg,
Norway_009243.jpg,
Norway_009244.jpg,
Norway_009245.jpg,
Norway_009246.jpg,1 1637 1812 1751 2041 1 1681 1922 1751 2043 1 1439 1355 1537 2025
Norway_009247.jpg,1 1612 1358 1716 1476 1 1254 1380 1380 1519 1 56 1627 443 2020 1 895 1562 1024 2035
Norway_009248.jpg,1 2 1573 213 1843 2 944 1892 2093 2015
Norway_009249.jpg,1 497 1836 660 2040 1 1611 1389 1715 1563 1 300 1365 982 1937
Norway_009250.jpg,
Norway_009251.jpg,
Norway_009252.jpg,
Norway_009253.jpg,1 1443 1685 1516 1795 1 1329 1303 1652 1760
Norway_009254.jpg,2 0 1507 571 1590
Norway_009255.jpg,
Norway_009256.jpg,
Norway_009257.jpg,
Norway_009258.jpg,
Norway_009259.jpg,
Norway_009260.jpg,1 1670 1533 1731 1722 1 679 1585 981 1876
Norway_009261.jpg,
Norway_009262.jpg,
Norway_009263.jpg,1 592 1917 710 2038
Norway_009264.jpg,
Norway_009265.jpg,
Norway_009266.jpg,
Norway_009267.jpg,1 1759 1236 1815 1363 1 1843 1435 1943 1614 1 271 1857 368 2030 1 1644 1320 1705 1430 1 1266 1692 1567 2032
Norway_009268.jpg,1 1670 1410 1818 1660 1 1005 1901 1103 2038
Norway_009269.jpg,
Norway_009270.jpg,
Norway_009271.jpg,
Norway_009272.jpg,
Norway_009273.jpg,
Norway_009274.jpg,
Norway_009275.jpg,
Norway_009276.jpg,
Norway_009277.jpg,
Norway_009278.jpg,
Norway_009279.jpg,2 2970 1881 3421 2033 1 26 1374 786 1800 1 1701 1604 1864 2017 1 981 1477 1146 1701
Norway_009280.jpg,
Norway_009281.jpg,
Norway_009282.jpg,
Norway_009283.jpg,
Norway_009284.jpg,1 1486 1292 1560 1392 1 1594 1263 1776 1520 1 877 1196 1121 1312 1 1440 1183 1484 1251 1 881 1235 980 1318
Norway_009285.jpg,1 162 1322 677 1550
Norway_009286.jpg,
Norway_009287.jpg,
Norway_009288.jpg,
Norway_009289.jpg,
Norway_009290.jpg,
Norway_009291.jpg,
Norway_009292.jpg,3 138 1587 502 1767 3 1377 1369 2101 2044
Norway_009293.jpg,
Norway_009294.jpg,
Norway_009295.jpg,
Norway_009296.jpg,
Norway_009297.jpg,
Norway_009298.jpg,
Norway_009299.jpg,
Norway_009300.jpg,
Norway_009301.jpg,
Norway_009302.jpg,1 6 1490 347 1769 1 60 1405 502 1668 1 108 1472 361 1660 1 971 1191 1067 1430 1 1443 1281 1843 2017
Norway_009303.jpg,
Norway_009304.jpg,
Norway_009305.jpg,
Norway_009306.jpg,
Norway_009307.jpg,
Norway_009308.jpg,
Norway_009309.jpg,1 1499 1380 1583 1487 1 1612 1506 1659 1608 1 254 1671 471 1791 1 1109 1776 1263 1951 1 1345 1590 1523 1791
Norway_009310.jpg,
Norway_009311.jpg,1 0 1496 585 1871
Norway_009312.jpg,
Norway_009313.jpg,
Norway_009314.jpg,
Norway_009315.jpg,
Norway_009316.jpg,
Norway_009317.jpg,
Norway_009318.jpg,
Norway_009319.jpg,1 1560 1244 1646 1500
Norway_009320.jpg,1 37 1328 892 1827
Norway_009321.jpg,
Norway_009322.jpg,
Norway_009323.jpg,1 1633 1732 1732 2034 1 622 1587 748 1718 1 994 1458 1174 1636 1 1544 1273 1614 1426 1 1726 1647 1944 2041
Norway_009324.jpg,
Norway_009325.jpg,
Norway_009326.jpg,
Norway_009327.jpg,
Norway_009328.jpg,
Norway_009329.jpg,
Norway_009330.jpg,1 1557 1261 1612 1401
Norway_009331.jpg,2 1088 1682 2029 1774 1 121 1495 476 1692
Norway_009332.jpg,
Norway_009333.jpg,1 1513 1261 2138 2025
Norway_009334.jpg,
Norway_009335.jpg,1 0 1295 753 1708
Norway_009336.jpg,
Norway_009337.jpg,1 1491 1417 1813 1986 1 825 1372 971 1652
Norway_009338.jpg,
Norway_009339.jpg,
Norway_009340.jpg,1 1755 1556 1941 1686 1 747 1914 806 2020 1 548 1660 958 2027 1 546 1765 809 2032 1 537 1281 1290 2014
Norway_009341.jpg,
Norway_009342.jpg,
Norway_009343.jpg,
Norway_009344.jpg,
Norway_009345.jpg,
Norway_009346.jpg,2 820 1395 1828 1490
Norway_009347.jpg,
Norway_009348.jpg,
Norway_009349.jpg,1 357 1511 634 1809
Norway_009350.jpg,1 1407 1197 1446 1248 1 1429 1326 1498 1423 1 1349 1481 1411 1595
Norway_009351.jpg,
Norway_009352.jpg,
Norway_009353.jpg,1 2591 1842 2806 2024 1 1657 1651 1792 2019
Norway_009354.jpg,
Norway_009355.jpg,
Norway_009356.jpg,
Norway_009357.jpg,
Norway_009358.jpg,1 1885 1788 2018 2033 1 0 1468 298 1652 1 1558 1810 1668 2041 1 289 1431 683 1625 1 914 1933 1056 2034
Norway_009359.jpg,1 1966 1837 2023 2011
Norway_009360.jpg,
Norway_009361.jpg,1 1177 1857 1262 2040
Norway_009362.jpg,1 0 1253 548 1548
Norway_009363.jpg,1 3053 1473 3601 1692 2 170 1608 841 1702
Norway_009364.jpg,
Norway_009365.jpg,
Norway_009366.jpg,
Norway_009367.jpg,
Norway_009368.jpg,
Norway_009369.jpg,1 497 1289 997 1647 1 335 1546 858 2023 1 1443 1378 1553 1687 1 960 1614 1176 2040
Norway_009370.jpg,
Norway_009371.jpg,
Norway_009372.jpg,1 1562 1280 1852 2016
Norway_009373.jpg,1 1424 1228 1473 1293 1 1510 1401 1567 1471 1 1498 1240 1550 1376 1 1506 1490 1590 1865 1 1652 1871 1714 2039
Norway_009374.jpg,1 1463 1194 1602 1446 1 1490 1224 1756 2028
Norway_009375.jpg,1 1510 1231 2081 2026
Norway_009376.jpg,2 1479 1325 1667 1379 1 1275 1091 1446 1235 1 1067 1484 1281 2009
Norway_009377.jpg,
Norway_009378.jpg,
Norway_009379.jpg,1 2154 1502 2476 1721
Norway_009380.jpg,1 582 1868 629 1953 1 741 1631 841 1707
Norway_009381.jpg,
Norway_009382.jpg,
Norway_009383.jpg,1 1402 1086 1443 1158 1 1404 1181 1443 1262 1 1484 1252 1549 1387 1 1409 1367 1538 2037
Norway_009384.jpg,
Norway_009385.jpg,
Norway_009386.jpg,1 602 1567 981 1830 1 570 1814 761 2026
Norway_009387.jpg,
Norway_009388.jpg,
Norway_009389.jpg,
Norway_009390.jpg,1 414 1378 864 1628
Norway_009391.jpg,
Norway_009392.jpg,
Norway_009393.jpg,
Norway_009394.jpg,
Norway_009395.jpg,
Norway_009396.jpg,
Norway_009397.jpg,
Norway_009398.jpg,
Norway_009399.jpg,
Norway_009400.jpg,
Norway_009401.jpg,1 1500 1344 1537 1400 1 1568 1451 1649 1696 1 1600 1460 1648 1589 1 818 1421 974 1609 1 1641 1662 1696 1769
Norway_009402.jpg,
Norway_009403.jpg,
Norway_009404.jpg,
Norway_009405.jpg,
Norway_009406.jpg,
Norway_009407.jpg,1 277 1408 556 1535
Norway_009408.jpg,1 0 1471 359 1741 1 311 1418 1091 2030
Norway_009409.jpg,
Norway_009410.jpg,
Norway_009411.jpg,1 1466 1168 1515 1282 1 185 1756 535 2036 1 1521 1754 1637 2038 1 0 1457 486 1792 1 1035 1806 1153 2035
Norway_009412.jpg,1 1521 1293 1625 1526
Norway_009413.jpg,
Norway_009414.jpg,
Norway_009415.jpg,
Norway_009416.jpg,
Norway_009417.jpg,1 728 1556 832 1643 1 216 1852 391 2005
Norway_009418.jpg,
Norway_009419.jpg,
Norway_009420.jpg,1 1312 1746 1396 2041 1 1305 1495 1567 2037
Norway_009421.jpg,
Norway_009422.jpg,1 1533 1224 2114 2028
Norway_009423.jpg,1 1445 1252 1483 1316
Norway_009424.jpg,1 1852 1709 1959 1894 1 975 1176 1100 1288 1 829 1249 1082 1445 3 1350 1274 1470 1492 1 1347 1307 1430 1492
Norway_009425.jpg,1 1406 1782 1491 2039 1 1892 1718 2096 2035 3 1443 1142 1582 1461 3 1393 1437 1762 1981
Norway_009426.jpg,
Norway_009427.jpg,2 2754 1627 3433 1870
Norway_009428.jpg,
Norway_009429.jpg,
Norway_009430.jpg,
Norway_009431.jpg,
Norway_009432.jpg,
Norway_009433.jpg,1 1512 1308 1601 1509
Norway_009434.jpg,1 1619 1230 1743 1583 1 1599 1744 1715 2041
Norway_009435.jpg,1 0 1608 349 1997
Norway_009436.jpg,
Norway_009437.jpg,
Norway_009438.jpg,1 1489 1776 1564 1936
Norway_009439.jpg,1 978 1356 1077 1510 1 1252 1139 1347 1324 1 1130 1090 1209 1265 1 1188 1158 1360 1451 1 922 1358 1072 1581
Norway_009440.jpg,
Norway_009441.jpg,1 1367 1871 1440 2027 1 0 1178 585 1528
Norway_009442.jpg,1 1698 1445 1787 1585 1 1124 1727 1235 2041
Norway_009443.jpg,2 1 1816 2296 1989
Norway_009444.jpg,1 1473 1368 2038 2030
Norway_009445.jpg,
Norway_009446.jpg,
Norway_009447.jpg,1 3 1421 512 1727 1 1650 1264 1824 1485
Norway_009448.jpg,
Norway_009449.jpg,1 13 1319 622 1616 1 710 1188 1144 1520 1 0 1741 339 2006
Norway_009450.jpg,
Norway_009451.jpg,
Norway_009452.jpg,
Norway_009453.jpg,
Norway_009454.jpg,1 1414 1308 1499 1439
Norway_009455.jpg,1 2 1347 539 1621 1 1512 1354 1717 2041 1 1499 1311 1625 1524 1 1553 1631 1705 2026
Norway_009456.jpg,1 958 1407 1143 2026
Norway_009457.jpg,
Norway_009458.jpg,
Norway_009459.jpg,1 1491 1275 2068 2019
Norway_009460.jpg,
Norway_009461.jpg,
Norway_009462.jpg,
Norway_009463.jpg,
Norway_009464.jpg,
Norway_009465.jpg,1 1588 1729 1719 2035 1 940 1173 1078 1291 1 1491 1210 1550 1354 1 424 1429 1019 2028 2 1122 1886 1583 2019
Norway_009466.jpg,
Norway_009467.jpg,
Norway_009468.jpg,
Norway_009469.jpg,
Norway_009470.jpg,
Norway_009471.jpg,1 618 1458 944 1933 1 992 1324 1131 1471 1 421 1353 988 1749 1 666 1661 912 1945 1 1283 1254 1393 1498
Norway_009472.jpg,
Norway_009473.jpg,1 1986 1566 2053 1649 1 1 1182 980 1707 1 2104 1626 2524 2036
Norway_009474.jpg,1 1684 1460 1762 1630 1 0 1283 933 1768 1 1760 1878 1854 2039
Norway_009475.jpg,
Norway_009476.jpg,
Norway_009477.jpg,
Norway_009478.jpg,
Norway_009479.jpg,
Norway_009480.jpg,
Norway_009481.jpg,
Norway_009482.jpg,
Norway_009483.jpg,
Norway_009484.jpg,1 1634 1893 1736 2035 1 872 1475 998 1586 1 1505 1189 1673 1468
Norway_009485.jpg,
Norway_009486.jpg,3 1524 1405 1901 2015
Norway_009487.jpg,
Norway_009488.jpg,
Norway_009489.jpg,
Norway_009490.jpg,
Norway_009491.jpg,
Norway_009492.jpg,1 797 1290 1010 1423
Norway_009493.jpg,
Norway_009494.jpg,1 1358 1835 1451 2023 1 1544 1500 1774 2025 3 1351 1340 1763 2020 1 0 1210 905 1687
Norway_009495.jpg,
Norway_009496.jpg,
Norway_009497.jpg,
Norway_009498.jpg,
Norway_009499.jpg,
Norway_009500.jpg,
Norway_009501.jpg,1 242 1404 995 2026
Norway_009502.jpg,
Norway_009503.jpg,
Norway_009504.jpg,
Norway_009505.jpg,
Norway_009506.jpg,2 1028 1747 1366 1799 3 1290 1400 1666 2018 3 501 1614 938 1972
Norway_009507.jpg,
Norway_009508.jpg,1 1229 1234 1279 1300 2 6 1778 642 1860 1 995 1315 1177 1514 1 666 1685 860 1915 1 1467 1403 1566 1567
Norway_009509.jpg,1 1458 1429 1522 1557 1 1482 1621 1635 2029 1 1533 1238 1633 1470
Norway_009510.jpg,
Norway_009511.jpg,1 986 1310 1272 1490
Norway_009512.jpg,
Norway_009513.jpg,1 1903 1762 2037 2016 2 1806 1963 2012 2031 1 1827 1556 2006 1788
Norway_009514.jpg,
Norway_009515.jpg,1 562 1346 796 1481 1 440 1649 853 2016 1 1052 1666 1516 2017 1 4 1457 525 1764 1 582 1379 823 1566
Norway_009516.jpg,
Norway_009517.jpg,
Norway_009518.jpg,
Norway_009519.jpg,
Norway_009520.jpg,
Norway_009521.jpg,
Norway_009522.jpg,1 2103 1895 2251 2036 1 1732 1958 1785 2043 1 1684 1921 1730 1996 1 1695 1927 1765 2043 1 1590 1956 1636 2043
Norway_009523.jpg,1 1524 1276 1610 1411
Norway_009524.jpg,
Norway_009525.jpg,
Norway_009526.jpg,
Norway_009527.jpg,
Norway_009528.jpg,1 1430 1632 1635 1968 1 1434 1925 1510 2041 1 1388 1336 1632 1979
Norway_009529.jpg,1 1545 1851 1645 2031 1 1116 1425 1212 1520 1 1210 1354 1293 1492 1 455 1310 866 1529 1 1901 1801 2045 2032
Norway_009530.jpg,1 1584 1931 1669 2040 1 1451 1693 1666 2037 1 1452 1161 1526 1388
Norway_009531.jpg,1 1183 1173 1259 1243
Norway_009532.jpg,
Norway_009533.jpg,3 1096 1258 1560 1895
Norway_009534.jpg,
Norway_009535.jpg,
Norway_009536.jpg,
Norway_009537.jpg,
Norway_009538.jpg,
Norway_009539.jpg,1 0 1498 506 1849 1 301 1338 868 1634 3 1432 1119 1584 1291 1 1504 1776 1572 2032 1 1802 1600 2012 2022
Norway_009540.jpg,
Norway_009541.jpg,
Norway_009542.jpg,1 1517 1234 1920 2035
Norway_009543.jpg,
Norway_009544.jpg,
Norway_009545.jpg,
Norway_009546.jpg,
Norway_009547.jpg,1 374 1273 730 1431 1 1051 1245 1105 1299 1 765 1428 929 1551 1 1169 1631 1287 2032 1 31 1556 578 1983
Norway_009548.jpg,1 1327 1236 1394 1323 1 1495 1205 1658 1542 1 1364 1404 1577 2024
Norway_009549.jpg,1 491 1547 666 1692
Norway_009550.jpg,
Norway_009551.jpg,
Norway_009552.jpg,1 0 1390 493 1897 1 3 1415 335 1645
Norway_009553.jpg,
Norway_009554.jpg,
Norway_009555.jpg,
Norway_009556.jpg,
Norway_009557.jpg,
Norway_009558.jpg,
Norway_009559.jpg,
Norway_009560.jpg,
Norway_009561.jpg,1 1045 1538 1210 1723 1 1582 1261 1664 1407 1 1313 1283 1391 1411 1 1459 1263 1493 1326 1 1616 1417 1728 1696
Norway_009562.jpg,
Norway_009563.jpg,
Norway_009564.jpg,
Norway_009565.jpg,
Norway_009566.jpg,1 1084 1739 1183 2040 1 726 1563 993 2032 1 1544 1226 2021 2035
Norway_009567.jpg,1 460 1729 790 2024 1 1893 1393 2683 2016 1 869 1130 1326 1308 1 1285 1105 1484 1239
Norway_009568.jpg,1 2070 1779 2291 2029 3 1492 1266 2182 2031
Norway_009569.jpg,
Norway_009570.jpg,
Norway_009571.jpg,
Norway_009572.jpg,
Norway_009573.jpg,
Norway_009574.jpg,1 414 1367 1180 2025
Norway_009575.jpg,
Norway_009576.jpg,1 1441 1206 1578 1334 1 1655 1579 1868 1701 1 846 1706 1040 2034
Norway_009577.jpg,
Norway_009578.jpg,
Norway_009579.jpg,
Norway_009580.jpg,
Norway_009581.jpg,
Norway_009582.jpg,
Norway_009583.jpg,
Norway_009584.jpg,1 791 1303 1094 1552 1 1141 1199 1239 1282 1 1420 1715 1487 1826 1 469 1355 1026 1855 1 1569 1818 1669 2037
Norway_009585.jpg,1 1622 1399 1899 1522 1 461 1249 916 1480
Norway_009586.jpg,1 1478 1407 1878 2016
Norway_009587.jpg,
Norway_009588.jpg,
Norway_009589.jpg,1 1563 1280 1611 1372
Norway_009590.jpg,
Norway_009591.jpg,
Norway_009592.jpg,
Norway_009593.jpg,1 1042 1356 1091 1441 4 1408 1851 1622 2009
Norway_009594.jpg,
Norway_009595.jpg,
Norway_009596.jpg,1 8 1700 504 2033 1 1826 1265 1917 1569
Norway_009597.jpg,1 1900 1504 2010 1620
Norway_009598.jpg,1 1205 1145 1295 1258 1 0 1444 290 1693 1 3 1185 1047 1942 2 2 1902 355 2027 1 1104 1252 1235 1596
Norway_009599.jpg,
Norway_009600.jpg,
Norway_009601.jpg,
Norway_009602.jpg,
Norway_009603.jpg,
Norway_009604.jpg,1 1623 1157 1706 1329
Norway_009605.jpg,
Norway_009606.jpg,
Norway_009607.jpg,1 1416 1112 1493 1249 1 1137 1284 1267 1520 1 1420 1116 1625 1385 1 1554 1739 1715 2041 1 593 1631 872 1962
Norway_009608.jpg,
Norway_009609.jpg,
Norway_009610.jpg,
Norway_009611.jpg,
Norway_009612.jpg,
Norway_009613.jpg,
Norway_009614.jpg,
Norway_009615.jpg,1 1354 1576 1440 2044 1 1580 1324 1677 1663 1 643 1303 918 1431 1 1312 1260 1404 1334 1 1459 1304 1522 1412
Norway_009616.jpg,
Norway_009617.jpg,
Norway_009618.jpg,
Norway_009619.jpg,
Norway_009620.jpg,
Norway_009621.jpg,
Norway_009622.jpg,
Norway_009623.jpg,
Norway_009624.jpg,2 1146 1830 1539 1924
Norway_009625.jpg,2 516 1571 906 1795 1 517 1578 764 1725 2 519 1577 764 1725 1 133 1615 278 1719 2 517 1836 683 1988
Norway_009626.jpg,
Norway_009627.jpg,
Norway_009628.jpg,1 95 1454 662 1817
Norway_009629.jpg,
Norway_009630.jpg,
Norway_009631.jpg,
Norway_009632.jpg,
Norway_009633.jpg,
Norway_009634.jpg,
Norway_009635.jpg,
Norway_009636.jpg,
Norway_009637.jpg,
Norway_009638.jpg,
Norway_009639.jpg,
Norway_009640.jpg,1 287 1873 423 2029
Norway_009641.jpg,1 65 1291 871 1664 1 514 1204 1109 1459 1 1241 1386 1310 1500 1 501 1288 864 1465 1 0 1464 406 1803
Norway_009642.jpg,
Norway_009643.jpg,
Norway_009644.jpg,1 1259 1199 1318 1284 1 1409 1356 1519 1480
Norway_009645.jpg,
Norway_009646.jpg,
Norway_009647.jpg,
Norway_009648.jpg,
Norway_009649.jpg,1 1607 1863 1695 2031
Norway_009650.jpg,1 1377 1280 1902 2035
Norway_009651.jpg,
Norway_009652.jpg,1 640 1351 1082 1568 2 14 1647 609 1773
Norway_009653.jpg,1 0 1258 866 1673
Norway_009654.jpg,
Norway_009655.jpg,
Norway_009656.jpg,1 1215 1679 1282 1913
Norway_009657.jpg,
Norway_009658.jpg,1 1379 1222 2134 2033
Norway_009659.jpg,
Norway_009660.jpg,1 1629 1195 1701 1331 1 1800 1491 1959 1752 1 972 1128 1472 1345 1 1773 1490 1905 1878 1 931 1283 1345 1990
Norway_009661.jpg,1 1302 1812 1386 2031
Norway_009662.jpg,
Norway_009663.jpg,
Norway_009664.jpg,
Norway_009665.jpg,
Norway_009666.jpg,1 1644 1603 1791 2027 1 1110 1277 1221 1381 1 1415 1174 1489 1347 1 159 1336 618 1555 1 900 1442 985 1533
Norway_009667.jpg,
Norway_009668.jpg,1 1652 1515 1745 1755
Norway_009669.jpg,
Norway_009670.jpg,1 0 1472 508 1846 1 1450 1251 1590 1492 1 1854 1515 2300 2014
Norway_009671.jpg,1 1194 1175 1261 1385
Norway_009672.jpg,
Norway_009673.jpg,2 386 1759 2113 1928
Norway_009674.jpg,
Norway_009675.jpg,
Norway_009676.jpg,
Norway_009677.jpg,
Norway_009678.jpg,
Norway_009679.jpg,
Norway_009680.jpg,
Norway_009681.jpg,
Norway_009682.jpg,
Norway_009683.jpg,
Norway_009684.jpg,1 1192 1128 1298 1231 1 830 1338 1153 1659 2 1160 1869 2058 1986 1 1228 1218 1425 1333 1 933 1331 1164 1543
Norway_009685.jpg,1 353 1227 586 1353 4 1401 1550 1496 1597
Norway_009686.jpg,
Norway_009687.jpg,
Norway_009688.jpg,1 2967 1428 3388 1861 1 3399 1868 3477 2038
Norway_009689.jpg,1 42 1704 268 2019 1 255 1251 938 1645 1 1115 1208 1232 1331
Norway_009690.jpg,
Norway_009691.jpg,
Norway_009692.jpg,
Norway_009693.jpg,
Norway_009694.jpg,
Norway_009695.jpg,2 352 1619 1748 1897 2 417 1767 1077 2017
Norway_009696.jpg,
Norway_009697.jpg,1 1122 1370 1164 1436 1 1193 1494 1260 1731
Norway_009698.jpg,
Norway_009699.jpg,
Norway_009700.jpg,
Norway_009701.jpg,1 1493 1749 1532 1847 1 883 1463 930 1510 1 1135 1682 1205 1832 1 1423 1870 1513 2040 1 490 1590 759 2034
Norway_009702.jpg,
Norway_009703.jpg,
Norway_009704.jpg,
Norway_009705.jpg,2 430 1676 1617 1831 1 1390 1242 1933 2035
Norway_009706.jpg,
Norway_009707.jpg,
Norway_009708.jpg,
Norway_009709.jpg,
Norway_009710.jpg,
Norway_009711.jpg,
Norway_009712.jpg,1 1501 1463 1916 2012 1 1510 1479 1728 1824
Norway_009713.jpg,
Norway_009714.jpg,
Norway_009715.jpg,
Norway_009716.jpg,
Norway_009717.jpg,
Norway_009718.jpg,
Norway_009719.jpg,
Norway_009720.jpg,
Norway_009721.jpg,
Norway_009722.jpg,
Norway_009723.jpg,
Norway_009724.jpg,
Norway_009725.jpg,1 551 1430 802 1841 1 707 1818 1000 2036 1 341 1946 455 2039 1 540 1396 962 1998
Norway_009726.jpg,1 0 1418 246 1755
Norway_009727.jpg,
Norway_009728.jpg,1 1987 1649 2352 2022 1 1114 1072 1221 1287 1 926 1388 997 1463
Norway_009729.jpg,
Norway_009730.jpg,
Norway_009731.jpg,
Norway_009732.jpg,1 1491 1384 1539 1480 1 1480 1306 1563 1479 1 0 1754 108 2003 1 319 1767 547 2033
Norway_009733.jpg,
Norway_009734.jpg,
Norway_009735.jpg,4 851 1358 947 1421 1 145 1690 570 1958
Norway_009736.jpg,
Norway_009737.jpg,1 846 1312 1000 1409 1 33 1552 449 1746 1 1329 1374 1379 1442 1 701 1351 1061 1670 1 1255 1256 1349 1366
Norway_009738.jpg,1 691 1903 802 2041 1 1567 1407 1678 1746
Norway_009739.jpg,
Norway_009740.jpg,
Norway_009741.jpg,1 798 1539 993 1769 1 0 1274 829 1696
Norway_009742.jpg,
Norway_009743.jpg,
Norway_009744.jpg,
Norway_009745.jpg,1 1275 1366 1407 1651
Norway_009746.jpg,1 1155 1394 1266 1826
Norway_009747.jpg,1 699 1284 928 1389 1 2 1580 135 1722 1 1402 1317 1463 1414 1 1534 1244 1568 1288 1 368 1342 805 1528
Norway_009748.jpg,
Norway_009749.jpg,
Norway_009750.jpg,
Norway_009751.jpg,
Norway_009752.jpg,1 1672 1273 2123 1691 1 2147 1752 2453 2035
Norway_009753.jpg,
Norway_009754.jpg,1 1291 1162 1820 2033
Norway_009755.jpg,2 13 1770 482 1861 3 316 1507 970 2034
Norway_009756.jpg,
Norway_009757.jpg,2 0 1711 622 1814 1 625 1485 953 1743 1 293 1811 554 2037 1 1109 1478 1201 1610
Norway_009758.jpg,
Norway_009759.jpg,
Norway_009760.jpg,1 604 1335 756 1491
Norway_009761.jpg,
Norway_009762.jpg,
Norway_009763.jpg,
Norway_009764.jpg,
Norway_009765.jpg,
Norway_009766.jpg,
Norway_009767.jpg,
Norway_009768.jpg,
Norway_009769.jpg,1 1015 1291 1160 1446
Norway_009770.jpg,
Norway_009771.jpg,
Norway_009772.jpg,1 0 1508 518 1833
Norway_009773.jpg,
Norway_009774.jpg,
Norway_009775.jpg,1 1409 1463 1571 1585 1 1540 1233 1610 1462 1 1415 1467 1469 1574 2 1415 1508 1635 1588 2 1158 1660 1640 1728
Norway_009776.jpg,1 487 1372 842 1606 1 1221 1109 1283 1215 1 424 1379 625 1516 1 466 1251 987 1618 1 0 1619 364 2015
Norway_009777.jpg,
Norway_009778.jpg,1 1221 1178 1293 1241 3 1405 1113 1510 1256 1 1217 1255 1368 1366 1 778 1354 880 1449 1 534 1312 827 1440
Norway_009779.jpg,
Norway_009780.jpg,
Norway_009781.jpg,
Norway_009782.jpg,
Norway_009783.jpg,1 609 1269 918 1417 1 1324 1112 1418 1194 1 237 1406 1036 2018 1 986 1231 1267 1424
Norway_009784.jpg,
Norway_009785.jpg,
Norway_009786.jpg,
Norway_009787.jpg,1 1350 1234 1408 1303 1 959 1234 1121 1316 1 1626 1249 1681 1390 1 1462 1287 1540 1608 1 0 1595 403 1955
Norway_009788.jpg,
Norway_009789.jpg,
Norway_009790.jpg,
Norway_009791.jpg,
Norway_009792.jpg,
Norway_009793.jpg,
Norway_009794.jpg,
Norway_009795.jpg,
Norway_009796.jpg,
Norway_009797.jpg,
Norway_009798.jpg,
Norway_009799.jpg,
Norway_009800.jpg,2 1 1910 435 2013 1 364 1277 929 1558 1 0 1572 288 1989 1 1088 1181 1384 2038
Norway_009801.jpg,1 1489 1908 1568 2029 1 1444 1259 1637 1741 1 1420 1196 1545 1448 1 1632 1784 1737 2037 1 1408 1739 1481 1986
Norway_009802.jpg,
Norway_009803.jpg,
Norway_009804.jpg,
Norway_009805.jpg,1 627 1805 799 2033
Norway_009806.jpg,
Norway_009807.jpg,
Norway_009808.jpg,
Norway_009809.jpg,
Norway_009810.jpg,1 1116 1239 1420 1463 1 0 1375 1282 1858 1 1320 1410 1473 2023
Norway_009811.jpg,1 1378 1265 2003 2024
Norway_009812.jpg,1 471 1459 846 1753 1 607 1182 1051 1472
Norway_009813.jpg,
Norway_009814.jpg,
Norway_009815.jpg,
Norway_009816.jpg,
Norway_009817.jpg,
Norway_009818.jpg,1 1537 1283 2119 2034
Norway_009819.jpg,
Norway_009820.jpg,
Norway_009821.jpg,1 1317 1196 1388 1305
Norway_009822.jpg,
Norway_009823.jpg,2 1313 1743 1728 2019 1 1311 1730 1734 2026
Norway_009824.jpg,2 956 1661 1916 1760 1 622 1654 900 1903 1 624 1531 1027 1896 2 0 1639 845 1747 1 868 1417 1143 1636
Norway_009825.jpg,
Norway_009826.jpg,1 1551 1712 1660 1871
Norway_009827.jpg,
Norway_009828.jpg,
Norway_009829.jpg,1 1520 1216 1612 1511 1 1626 1486 1740 2011
Norway_009830.jpg,
Norway_009831.jpg,
Norway_009832.jpg,4 1210 1859 1311 1933 4 1247 1729 1321 1794
Norway_009833.jpg,
Norway_009834.jpg,
Norway_009835.jpg,
Norway_009836.jpg,
Norway_009837.jpg,
Norway_009838.jpg,
Norway_009839.jpg,
Norway_009840.jpg,
Norway_009841.jpg,
Norway_009842.jpg,1 1672 1452 1753 1641 1 1575 1800 1771 1986 1 1538 1308 1647 1438 1 0 1270 912 1745
Norway_009843.jpg,
Norway_009844.jpg,
Norway_009845.jpg,
Norway_009846.jpg,
Norway_009847.jpg,
Norway_009848.jpg,
Norway_009849.jpg,
Norway_009850.jpg,
Norway_009851.jpg,1 1554 1161 1612 1284 1 1631 1374 1693 1548 1 1721 1550 1855 2023
Norway_009852.jpg,
Norway_009853.jpg,
Norway_009854.jpg,
Norway_009855.jpg,
Norway_009856.jpg,
Norway_009857.jpg,1 876 1328 1215 1656 2 1053 1784 1482 1882
Norway_009858.jpg,
Norway_009859.jpg,
Norway_009860.jpg,
Norway_009861.jpg,
Norway_009862.jpg,1 1387 1308 2010 2035
Norway_009863.jpg,
Norway_009864.jpg,
Norway_009865.jpg,
Norway_009866.jpg,
Norway_009867.jpg,
Norway_009868.jpg,
Norway_009869.jpg,
Norway_009870.jpg,
Norway_009871.jpg,
Norway_009872.jpg,
Norway_009873.jpg,1 443 1432 1002 2024
Norway_009874.jpg,
Norway_009875.jpg,
Norway_009876.jpg,1 1628 1380 1713 1516 1 1078 1393 1154 1463 1 1363 1453 1430 1562 1 910 1398 1161 1608 1 687 1252 1091 1468
Norway_009877.jpg,
Norway_009878.jpg,1 1229 1842 1318 2035
Norway_009879.jpg,1 1202 1205 1302 1341 1 0 1238 1138 2004
Norway_009880.jpg,1 2 1311 939 2011
Norway_009881.jpg,
Norway_009882.jpg,
Norway_009883.jpg,1 1499 1207 1633 1506 1 1506 1256 1740 2040 1 1566 1556 1743 2037 1 892 1151 1279 1571
Norway_009884.jpg,1 0 1250 857 1702
Norway_009885.jpg,
Norway_009886.jpg,
Norway_009887.jpg,1 967 1676 1241 1873 1 574 1573 988 1921 1 1857 1233 1902 1358 1 1350 1314 1498 1470 3 1640 1457 1881 1824
Norway_009888.jpg,
Norway_009889.jpg,
Norway_009890.jpg,1 1616 1280 1681 1405 1 1037 1352 1163 1467 1 755 1295 1003 1432 1 1372 1394 1476 2037 1 1251 1165 1410 1395
Norway_009891.jpg,
Norway_009892.jpg,1 1462 1667 1692 2021
Norway_009893.jpg,
Norway_009894.jpg,
Norway_009895.jpg,1 1013 1250 1083 1302 1 1220 1275 1418 2003 1 1166 1733 1276 2041 1 1190 1455 1234 1525 1 1065 1742 1211 2041
Norway_009896.jpg,
Norway_009897.jpg,1 0 1332 810 1801
Norway_009898.jpg,
Norway_009899.jpg,
Norway_009900.jpg,
Norway_009901.jpg,
Norway_009902.jpg,
Norway_009903.jpg,2 1430 1667 2143 1942 2 1783 1672 2108 1832
Norway_009904.jpg,
Norway_009905.jpg,1 1249 1236 1379 1442 1 1255 1210 1377 1307 1 1280 1317 1360 1433 1 24 1389 908 1994
Norway_009906.jpg,
Norway_009907.jpg,1 1092 1296 1181 1445 1 1196 1182 1250 1248 1 1047 1417 1178 1597 1 1841 1577 1931 1734 1 785 1516 1140 1925
Norway_009908.jpg,1 1490 1343 1795 2040 1 203 1589 757 2028
Norway_009909.jpg,
Norway_009910.jpg,
Norway_009911.jpg,
Norway_009912.jpg,
Norway_009913.jpg,1 1500 1308 1551 1421 4 1827 1394 2009 1489 1 1474 1214 1548 1426 3 1448 1591 2081 2044
Norway_009914.jpg,
Norway_009915.jpg,
Norway_009916.jpg,
Norway_009917.jpg,1 1260 1103 1368 1200 1 761 1462 987 1680 1 1520 1296 1571 1364 1 996 1209 1229 1443 1 417 1533 944 2023
Norway_009918.jpg,
Norway_009919.jpg,4 3179 1301 3382 1379 1 1595 1368 2305 2032
Norway_009920.jpg,
Norway_009921.jpg,
Norway_009922.jpg,
Norway_009923.jpg,
Norway_009924.jpg,
Norway_009925.jpg,1 1493 1751 1588 1879 1 1279 1201 1356 1282 1 1264 1494 1330 1675
Norway_009926.jpg,
Norway_009927.jpg,
Norway_009928.jpg,
Norway_009929.jpg,
Norway_009930.jpg,1 780 1302 999 1455
Norway_009931.jpg,1 1390 1255 1633 1602
Norway_009932.jpg,1 567 1404 702 1513 1 2 1371 743 1891 1 783 1502 971 1732
Norway_009933.jpg,1 0 1649 103 1963
Norway_009934.jpg,
Norway_009935.jpg,
Norway_009936.jpg,1 1316 1204 1993 2033
Norway_009937.jpg,
Norway_009938.jpg,
Norway_009939.jpg,
Norway_009940.jpg,
Norway_009941.jpg,2 1585 1846 1920 1902 1 0 1272 1052 2031 1 593 1219 1129 1564 1 1003 1199 1137 1323 1 1372 1238 1520 1600
Norway_009942.jpg,1 1691 1622 1846 2027
Norway_009943.jpg,
Norway_009944.jpg,
Norway_009945.jpg,
Norway_009946.jpg,1 5 1268 976 1989
Norway_009947.jpg,
Norway_009948.jpg,
Norway_009949.jpg,
Norway_009950.jpg,1 1504 1159 1604 1371 3 1529 1430 1713 1648 3 1497 1388 1740 2007
Norway_009951.jpg,
Norway_009952.jpg,
Norway_009953.jpg,1 423 1649 794 2035 1 14 1288 763 1672
Norway_009954.jpg,
Norway_009955.jpg,
Norway_009956.jpg,1 916 1253 1029 1377
Norway_009957.jpg,
Norway_009958.jpg,2 0 1757 2152 1929 1 1503 1205 1569 1327 1 471 1940 595 2040
Norway_009959.jpg,
Norway_009960.jpg,1 1036 1250 1332 1509
Norway_009961.jpg,1 98 1347 1075 2016
Norway_009962.jpg,1 0 1513 541 1802
Norway_009963.jpg,1 244 1348 757 1565 3 1429 1398 1816 2039 1 16 1332 849 1748 3 709 1487 1198 2029
Norway_009964.jpg,
Norway_009965.jpg,
Norway_009966.jpg,1 1259 1427 1351 1719 2 763 1733 1312 1804 1 1354 1784 1455 2034 1 1274 1448 1449 2029
Norway_009967.jpg,
Norway_009968.jpg,
Norway_009969.jpg,
Norway_009970.jpg,
Norway_009971.jpg,
Norway_009972.jpg,
Norway_009973.jpg,1 1632 1710 1857 1913
Norway_009974.jpg,
Norway_009975.jpg,
Norway_009976.jpg,
Norway_009977.jpg,
Norway_009978.jpg,1 0 1335 701 1714
Norway_009979.jpg,
Norway_009980.jpg,1 1404 1471 1438 1539 1 1217 1102 1283 1181 1 1685 1863 1820 2039
Norway_009981.jpg,1 1351 1216 1996 2035
Norway_009982.jpg,
Norway_009983.jpg,
Norway_009984.jpg,1 0 1207 1158 1945
Norway_009985.jpg,
Norway_009986.jpg,
Norway_009987.jpg,
Norway_009988.jpg,
Norway_009989.jpg,
Norway_009990.jpg,
Norway_009991.jpg,
Norway_009992.jpg,
Norway_009993.jpg,
Norway_009994.jpg,3 1391 1479 1886 1763 1 1083 1489 1517 2023 3 1093 1506 1515 2033 1 1080 1441 1152 1555 1 1331 1289 1418 1364
Norway_009995.jpg,
Norway_009996.jpg,
Norway_009997.jpg,
Norway_009998.jpg,
Norway_009999.jpg,
Norway_010000.jpg,
Norway_010001.jpg,
Norway_010002.jpg,
Norway_010003.jpg,1 1864 1482 2110 1729
Norway_010004.jpg,
Norway_010005.jpg,
Norway_010006.jpg,
Norway_010007.jpg,1 201 1234 1069 1693 1 280 1272 837 1527 1 1093 1296 1286 1582 1 34 1293 1072 2035
Norway_010008.jpg,
Norway_010009.jpg,
Norway_010010.jpg,
Norway_010011.jpg,
Norway_010012.jpg,
Norway_010013.jpg,1 1233 1217 1294 1296 1 1090 1310 1543 2028
Norway_010014.jpg,
Norway_010015.jpg,
Norway_010016.jpg,
Norway_010017.jpg,
Norway_010018.jpg,
Norway_010019.jpg,1 1356 1212 1932 2035
Norway_010020.jpg,
Norway_010021.jpg,
Norway_010022.jpg,
Norway_010023.jpg,
Norway_010024.jpg,
Norway_010025.jpg,
Norway_010026.jpg,
Norway_010027.jpg,
Norway_010028.jpg,1 615 1173 895 1347
Norway_010029.jpg,
Norway_010030.jpg,
Norway_010031.jpg,1 354 1352 815 1921 1 366 1349 737 1665
Norway_010032.jpg,
Norway_010033.jpg,
Norway_010034.jpg,
Norway_010035.jpg,
Norway_010036.jpg,
Norway_010037.jpg,1 1412 1682 1485 1822
Norway_010038.jpg,1 1402 1222 1911 2018
Norway_010039.jpg,1 1405 1356 1550 1597 1 964 1181 1039 1300 1 1787 1672 2075 2032 1 1273 1351 1340 1566 1 1486 1716 1571 2033
Norway_010040.jpg,1 1776 1600 2291 2041
Norway_010041.jpg,
Norway_010042.jpg,
Norway_010043.jpg,
Norway_010044.jpg,
Norway_010045.jpg,1 1274 1196 1543 1455 1 1339 1221 1533 1315 1 1445 1274 1603 1483 1 1254 1202 1466 1359 1 1322 1339 1523 1535
Norway_010046.jpg,
Norway_010047.jpg,1 1882 1731 2176 2033
Norway_010048.jpg,
Norway_010049.jpg,
Norway_010050.jpg,
Norway_010051.jpg,1 1523 1236 1991 2027
Norway_010052.jpg,
Norway_010053.jpg,1 1231 1199 1341 1410
Norway_010054.jpg,
Norway_010055.jpg,
Norway_010056.jpg,
Norway_010057.jpg,
Norway_010058.jpg,1 1549 1235 1780 1598
Norway_010059.jpg,1 1494 1447 1647 2014
Norway_010060.jpg,2 0 1632 1827 1793
Norway_010061.jpg,4 562 1848 761 2023 4 766 1865 866 1943
Norway_010062.jpg,1 1636 1257 1704 1372 2 2 1849 518 1988 1 782 1689 888 1844 1 1508 1017 1557 1100 1 668 1682 895 1870
Norway_010063.jpg,
Norway_010064.jpg,
Norway_010065.jpg,
Norway_010066.jpg,
Norway_010067.jpg,
Norway_010068.jpg,
Norway_010069.jpg,
Norway_010070.jpg,1 0 1458 721 1966 1 901 1374 1239 2036
Norway_010071.jpg,
Norway_010072.jpg,1 1517 1201 1576 1289 1 455 1562 791 1824 1 1454 1912 1501 2029 1 1212 1182 1335 1274 1 1526 1374 1633 1887
Norway_010073.jpg,1 800 1108 1208 1293 1 0 1491 369 1718
Norway_010074.jpg,1 1545 1161 1724 1725
Norway_010075.jpg,
Norway_010076.jpg,
Norway_010077.jpg,
Norway_010078.jpg,
Norway_010079.jpg,
Norway_010080.jpg,
Norway_010081.jpg,
Norway_010082.jpg,1 569 1712 728 1848 1 560 1459 837 1656
Norway_010083.jpg,
Norway_010084.jpg,
Norway_010085.jpg,
Norway_010086.jpg,
Norway_010087.jpg,1 1356 1188 1880 2031
Norway_010088.jpg,1 1551 1126 1624 1269
Norway_010089.jpg,
Norway_010090.jpg,1 0 1501 436 1782 1 1171 1448 1276 1670
Norway_010091.jpg,
Norway_010092.jpg,
Norway_010093.jpg,
Norway_010094.jpg,
Norway_010095.jpg,
Norway_010096.jpg,
Norway_010097.jpg,
Norway_010098.jpg,
Norway_010099.jpg,2 1071 1513 1730 1666
Norway_010100.jpg,
Norway_010101.jpg,
Norway_010102.jpg,
Norway_010103.jpg,2 1245 1814 1941 2008 3 1527 1379 1782 1630 3 1603 1410 2164 2022
Norway_010104.jpg,
Norway_010105.jpg,
Norway_010106.jpg,
Norway_010107.jpg,
Norway_010108.jpg,
Norway_010109.jpg,
Norway_010110.jpg,1 321 1501 848 1989
Norway_010111.jpg,
Norway_010112.jpg,1 2540 1921 2676 2036
Norway_010113.jpg,
Norway_010114.jpg,1 521 1328 617 1418
Norway_010115.jpg,1 1641 1374 1964 2032 1 1638 1381 1779 1635 1 624 1269 922 1405
Norway_010116.jpg,
Norway_010117.jpg,
Norway_010118.jpg,1 586 1473 665 1564 1 2428 1634 2652 2033 1 592 1699 689 2034
Norway_010119.jpg,
Norway_010120.jpg,
Norway_010121.jpg,1 471 1237 1002 1565
Norway_010122.jpg,
Norway_010123.jpg,3 1279 1444 1813 2023
Norway_010124.jpg,1 1362 1239 1432 1308
Norway_010125.jpg,1 634 1260 1281 1836
Norway_010126.jpg,
Norway_010127.jpg,
Norway_010128.jpg,3 1445 1539 1875 2041 1 1315 1245 1345 1295 1 502 1467 878 1741 1 1283 1754 1387 2041
Norway_010129.jpg,
Norway_010130.jpg,
Norway_010131.jpg,
Norway_010132.jpg,
Norway_010133.jpg,
Norway_010134.jpg,
Norway_010135.jpg,
Norway_010136.jpg,1 1542 1602 1696 1958 1 1331 1484 1514 1661 1 59 1501 612 1931 1 1329 1476 1716 1968 3 68 1491 773 2018
Norway_010137.jpg,
Norway_010138.jpg,1 76 1392 575 1619 1 282 1401 555 1537
Norway_010139.jpg,1 1635 1203 1691 1297 1 144 1396 677 1679 1 181 1548 353 1677 1 1523 1191 1630 1432 1 1025 1158 1331 1448
Norway_010140.jpg,
Norway_010141.jpg,
Norway_010142.jpg,
Norway_010143.jpg,
Norway_010144.jpg,1 1450 1195 1603 1494
Norway_010145.jpg,
Norway_010146.jpg,
Norway_010147.jpg,1 1415 1169 1485 1284 1 561 1239 917 1426
Norway_010148.jpg,2 634 1586 977 1744 1 10 1627 763 2025
Norway_010149.jpg,
Norway_010150.jpg,
Norway_010151.jpg,
Norway_010152.jpg,
Norway_010153.jpg,1 1626 1435 1843 2040
Norway_010154.jpg,
Norway_010155.jpg,1 341 1656 430 1781
Norway_010156.jpg,
Norway_010157.jpg,1 1542 1208 1603 1314 1 1 1490 461 1773
Norway_010158.jpg,1 1501 1727 1548 1838 3 1 1604 487 2004 1 1151 1423 1210 1499 1 1534 1857 1594 2001 1 1497 1864 1589 2034
Norway_010159.jpg,
Norway_010160.jpg,
Norway_010161.jpg,
Norway_010162.jpg,
Norway_010163.jpg,
Norway_010164.jpg,
Norway_010165.jpg,1 999 1337 1132 2023
Norway_010166.jpg,
Norway_010167.jpg,
Norway_010168.jpg,
Norway_010169.jpg,
Norway_010170.jpg,
Norway_010171.jpg,1 658 1711 738 1783 1 1744 1748 1935 2041
Norway_010172.jpg,
Norway_010173.jpg,
Norway_010174.jpg,
Norway_010175.jpg,
Norway_010176.jpg,1 1261 1268 1632 2019 1 410 1511 859 1905 1 12 1692 310 2035
Norway_010177.jpg,1 579 1566 666 1655 1 1466 1231 1563 1484 1 1081 1503 1189 1853 1 2 1545 610 2018 1 603 1750 917 2042
Norway_010178.jpg,1 1190 1276 1382 1455
Norway_010179.jpg,
Norway_010180.jpg,
Norway_010181.jpg,
Norway_010182.jpg,
Norway_010183.jpg,1 0 1458 331 1756
Norway_010184.jpg,
Norway_010185.jpg,
Norway_010186.jpg,1 1931 1933 2011 2030
Norway_010187.jpg,
Norway_010188.jpg,
Norway_010189.jpg,
Norway_010190.jpg,
Norway_010191.jpg,
Norway_010192.jpg,2 0 1440 1776 1636 1 1276 1126 1357 1198 1 1586 1351 1687 1496
Norway_010193.jpg,
Norway_010194.jpg,1 1265 1442 1323 1662 1 1264 1418 1428 2026 2 1314 1639 1786 1747
Norway_010195.jpg,
Norway_010196.jpg,
Norway_010197.jpg,
Norway_010198.jpg,
Norway_010199.jpg,
Norway_010200.jpg,
