Norway_008161.jpg,1 1574 1449 1700 1888 1 1647 1759 1703 2035 1 1623 1544 1704 2043 3 1496 1255 1625 1429
Norway_008162.jpg,
Norway_008163.jpg,3 338 1407 598 1543 1 1004 1449 1058 1508 1 1101 1324 1151 1407 1 779 1269 891 1334 1 1329 1687 1451 2013
Norway_008164.jpg,1 1639 1466 2040 2010 1 282 1316 451 1407 1 1323 1389 1443 1654
Norway_008165.jpg,
Norway_008166.jpg,
Norway_008167.jpg,
Norway_008168.jpg,
Norway_008169.jpg,1 598 1286 1108 1808 1 1031 1131 1176 1207 1 375 1477 963 1992 1 493 1963 544 2037 1 926 1629 988 1712
Norway_008170.jpg,
Norway_008171.jpg,
Norway_008172.jpg,1 1369 1220 1428 1336
Norway_008173.jpg,1 1361 1522 1447 1705 1 1467 1779 1586 2031
Norway_008174.jpg,2 500 1395 1426 1531
Norway_008175.jpg,1 11 1493 317 1643
Norway_008176.jpg,
Norway_008177.jpg,
Norway_008178.jpg,
Norway_008179.jpg,1 3 1659 196 2008 1 1643 1315 1694 1396
Norway_008180.jpg,
Norway_008181.jpg,
Norway_008182.jpg,
Norway_008183.jpg,
Norway_008184.jpg,
Norway_008185.jpg,
Norway_008186.jpg,
Norway_008187.jpg,
Norway_008188.jpg,1 3 1590 168 1669
Norway_008189.jpg,1 1509 1223 1540 1284
Norway_008190.jpg,
Norway_008191.jpg,
Norway_008192.jpg,1 0 1341 643 1690 1 231 1324 678 1549
Norway_008193.jpg,
Norway_008194.jpg,1 370 1294 895 1530 1 1486 1217 1531 1273
Norway_008195.jpg,3 233 1488 764 1848
Norway_008196.jpg,1 1134 1101 1190 1219 1 234 1333 907 1709 1 207 1498 369 1619 1 0 1609 169 1964 1 355 1612 779 2024
Norway_008197.jpg,
Norway_008198.jpg,
Norway_008199.jpg,
Norway_008200.jpg,
Norway_008201.jpg,
Norway_008202.jpg,1 674 1545 780 1717
Norway_008203.jpg,
Norway_008204.jpg,
Norway_008205.jpg,
Norway_008206.jpg,
Norway_008207.jpg,
Norway_008208.jpg,
Norway_008209.jpg,1 1568 1203 1596 1260
Norway_008210.jpg,
Norway_008211.jpg,
Norway_008212.jpg,1 1669 1468 1824 1585 1 1901 1651 2258 2033 1 976 1393 1015 1430 1 997 1245 1170 1406 1 273 1803 544 2033
Norway_008213.jpg,
Norway_008214.jpg,
Norway_008215.jpg,
Norway_008216.jpg,
Norway_008217.jpg,2 789 1773 993 1908 1 769 1780 974 1910 1 761 1913 810 2021 1 978 1396 1068 1583
Norway_008218.jpg,1 1917 1900 1985 2030 1 1901 1687 2014 1782 1 1893 1763 2017 2001 3 1671 1338 1871 1645 1 1529 1401 1576 1516
Norway_008219.jpg,
Norway_008220.jpg,2 1375 1608 2230 1706 2 13 1695 1121 1795
Norway_008221.jpg,1 716 1884 797 1945 4 308 1970 487 2038 4 545 1749 678 1834 3 404 1826 638 1978 3 0 1693 209 1925
Norway_008222.jpg,1 1183 1527 1256 1587 1 524 1462 597 1528 1 864 1250 1022 1356 1 1577 1292 1664 1358 1 1183 1255 1281 1354
Norway_008223.jpg,
Norway_008224.jpg,
Norway_008225.jpg,1 242 1414 706 1665
Norway_008226.jpg,
Norway_008227.jpg,
Norway_008228.jpg,
Norway_008229.jpg,1 1955 1940 2004 2033 1 1959 1300 2063 1412 1 1765 1139 1841 1212
Norway_008230.jpg,
Norway_008231.jpg,1 1041 1297 1218 1416 1 228 1495 561 1692 1 1737 1239 1860 1436 1 1677 1067 1737 1116 1 1621 1233 1721 1450
Norway_008232.jpg,1 1206 1157 1237 1213 1 982 1228 1073 1298 1 174 1687 354 1771 1 1486 1901 1542 2036 1 542 1503 651 1565
Norway_008233.jpg,
Norway_008234.jpg,
Norway_008235.jpg,
Norway_008236.jpg,1 576 1434 710 1543 1 728 1254 1027 1446 1 1246 1189 1395 1256 1 492 1256 874 1493 1 1484 1193 1549 1348
Norway_008237.jpg,
Norway_008238.jpg,
Norway_008239.jpg,
Norway_008240.jpg,1 422 1627 762 2024 2 2741 1531 3575 1663 2 1885 1664 2611 1809 1 3006 1821 3352 2039
Norway_008241.jpg,
Norway_008242.jpg,1 489 1589 845 1930 1 1101 1694 1211 2011 1 865 1325 1255 1598 2 1467 1334 1761 1366 1 430 1699 762 2028
Norway_008243.jpg,
Norway_008244.jpg,2 195 1598 1338 1700 2 44 1526 365 1617 1 792 1465 959 1597
Norway_008245.jpg,
Norway_008246.jpg,
Norway_008247.jpg,2 1124 1200 1192 1225 1 753 1301 1209 1498 2 1104 1324 1468 1370 1 1442 1189 1495 1374 1 1058 1230 1189 1347
Norway_008248.jpg,2 1679 1818 1864 2037 1 1595 1397 1755 1781 1 1480 1161 1569 1279 1 1503 1200 1615 1395 2 1682 1778 2173 1994
Norway_008249.jpg,1 1085 1358 1230 1595 1 991 1361 1215 1886 1 1326 1135 1386 1221 1 1464 1082 1490 1125 1 842 1473 1161 2018
Norway_008250.jpg,1 3348 1693 3641 1859
Norway_008251.jpg,1 1141 1218 1218 1267
Norway_008252.jpg,1 1183 1407 1248 1510 1 1252 1967 1328 2039 1 1095 1478 1209 1869
Norway_008253.jpg,
Norway_008254.jpg,
Norway_008255.jpg,
Norway_008256.jpg,
Norway_008257.jpg,
Norway_008258.jpg,
Norway_008259.jpg,1 1609 1189 2070 1681 1 1942 1504 2461 2020
Norway_008260.jpg,
Norway_008261.jpg,4 1374 1514 1456 1549
Norway_008262.jpg,
Norway_008263.jpg,
Norway_008264.jpg,1 757 1224 962 1319
Norway_008265.jpg,
Norway_008266.jpg,
Norway_008267.jpg,
Norway_008268.jpg,
Norway_008269.jpg,
Norway_008270.jpg,2 814 1487 1646 1559
Norway_008271.jpg,3 1320 1595 1468 1783 1 1428 1775 1540 2036 1 1392 1219 1457 1281 1 1413 1260 1591 1596 2 1033 1593 1470 1745
Norway_008272.jpg,
Norway_008273.jpg,
Norway_008274.jpg,1 504 1320 762 1447 1 1659 1731 1806 1823 1 1424 1285 1561 1559 1 847 1526 952 1634 1 1116 1839 1228 2032
Norway_008275.jpg,
Norway_008276.jpg,1 909 1319 969 1355
Norway_008277.jpg,
Norway_008278.jpg,
Norway_008279.jpg,
Norway_008280.jpg,
Norway_008281.jpg,2 165 1587 1169 1708 2 59 1620 938 1741 3 428 1692 801 2010 1 562 1379 731 1453
Norway_008282.jpg,2 847 1909 1296 1944 4 1224 1918 1352 1986
Norway_008283.jpg,
Norway_008284.jpg,
Norway_008285.jpg,
Norway_008286.jpg,
Norway_008287.jpg,
Norway_008288.jpg,1 976 1077 1067 1146 2 996 1513 1265 1554 2 574 1539 786 1565
Norway_008289.jpg,
Norway_008290.jpg,
Norway_008291.jpg,
Norway_008292.jpg,1 978 1179 1048 1211 1 606 1267 953 1394 3 1433 1064 1499 1199 1 36 1493 324 1617 1 1285 1104 1347 1149
Norway_008293.jpg,1 954 1447 1004 1488 1 667 1280 881 1391 1 1156 1284 1193 1313 1 1566 1603 1601 1690 1 91 1347 735 1615
Norway_008294.jpg,
Norway_008295.jpg,
Norway_008296.jpg,1 1038 1158 1277 1275
Norway_008297.jpg,1 982 1479 1019 1574
Norway_008298.jpg,
Norway_008299.jpg,1 15 1389 639 1802 1 340 1208 1074 1563 1 546 1139 1164 1466
Norway_008300.jpg,
Norway_008301.jpg,2 249 1607 1281 1703
Norway_008302.jpg,
Norway_008303.jpg,
Norway_008304.jpg,
Norway_008305.jpg,
Norway_008306.jpg,1 1176 1232 1300 1304 2 772 1395 1027 1484 1 1354 1140 1491 1194 1 523 1479 739 1587 1 1728 1162 1769 1220
Norway_008307.jpg,2 446 1450 1272 1524
Norway_008308.jpg,2 1395 1581 1552 1625 1 1417 1263 1452 1300 1 1545 1293 1627 1464
Norway_008309.jpg,
Norway_008310.jpg,
Norway_008311.jpg,
Norway_008312.jpg,1 743 1511 870 1577 1 983 1587 1044 1655 1 1586 1295 1636 1423 1 1002 1584 1047 1629 1 1550 1433 1579 1501
Norway_008313.jpg,1 1118 1501 1174 1599 1 1115 1229 1377 1533 1 1784 1586 2007 2027 1 758 1277 1077 1450
Norway_008314.jpg,1 1358 1067 1398 1119 1 1481 1255 1527 1371 1 928 1406 1035 1485 2 644 1260 1507 1324 1 583 1660 745 1810
Norway_008315.jpg,
Norway_008316.jpg,1 1418 1144 1503 1223 1 1236 1555 1457 1915 1 1359 1891 1433 2036
Norway_008317.jpg,1 1570 1469 1676 1660
Norway_008318.jpg,1 2009 1793 2219 2040 1 1495 1184 1541 1257
Norway_008319.jpg,
Norway_008320.jpg,
Norway_008321.jpg,
Norway_008322.jpg,
Norway_008323.jpg,
Norway_008324.jpg,
Norway_008325.jpg,
Norway_008326.jpg,1 1311 1151 1337 1195 1 983 1184 1048 1220 1 1774 1760 1900 1951 1 1849 1912 1881 1959 1 1741 1739 1872 1853
Norway_008327.jpg,
Norway_008328.jpg,1 0 1359 480 1546 1 587 1111 1031 1310 1 993 1449 1099 1538 1 767 1654 923 2016 1 1212 1179 1268 1228
Norway_008329.jpg,1 404 1348 661 1467
Norway_008330.jpg,
Norway_008331.jpg,1 1562 1404 1920 1821 1 2054 1932 2147 2033
Norway_008332.jpg,2 1015 1226 1240 1290
Norway_008333.jpg,
Norway_008334.jpg,1 387 1417 618 1555 1 1434 1293 1645 1507 1 2 1638 134 1769 1 1711 1635 2032 2006 1 600 1316 765 1484
Norway_008335.jpg,
Norway_008336.jpg,1 1445 1185 1515 1286 1 1251 1201 1350 1316
Norway_008337.jpg,1 1301 1167 1402 1339
Norway_008338.jpg,
Norway_008339.jpg,4 1481 1545 1605 1584
Norway_008340.jpg,3 1421 1487 1832 2015
Norway_008341.jpg,
Norway_008342.jpg,1 2022 1529 2465 1979 1 523 1977 590 2036
Norway_008343.jpg,
Norway_008344.jpg,1 1017 1193 1078 1222 1 1315 1129 1342 1162 1 1340 1167 1368 1220 1 1518 1674 1651 2035
Norway_008345.jpg,
Norway_008346.jpg,1 869 1281 994 1433 1 1511 1954 1554 2038 1 293 1546 764 2021 1 1482 1227 1635 1343 1 295 1710 573 2032
Norway_008347.jpg,1 1454 1136 1498 1216
Norway_008348.jpg,
Norway_008349.jpg,
Norway_008350.jpg,2 614 1405 1716 1460 1 874 1204 1051 1275
Norway_008351.jpg,
Norway_008352.jpg,
Norway_008353.jpg,
Norway_008354.jpg,
Norway_008355.jpg,
Norway_008356.jpg,
Norway_008357.jpg,
Norway_008358.jpg,1 1393 1667 1508 1900 2 1473 1650 1601 1747 1 1451 1429 1551 1564 1 1255 1845 1331 2028 1 1413 1862 1517 2026
Norway_008359.jpg,
Norway_008360.jpg,1 901 1204 950 1357 1 721 1031 761 1063 1 904 1094 967 1213 1 1128 1157 1180 1217 1 1046 1265 1118 1329
Norway_008361.jpg,1 305 1433 508 1533 1 1779 1682 2019 2010 2 1072 1233 1593 1302 1 51 1427 522 1636 1 0 1608 325 1782
Norway_008362.jpg,
Norway_008363.jpg,2 1119 1421 1332 1439
Norway_008364.jpg,
Norway_008365.jpg,
Norway_008366.jpg,
Norway_008367.jpg,
Norway_008368.jpg,4 3452 1110 3551 1146
Norway_008369.jpg,
Norway_008370.jpg,
Norway_008371.jpg,
Norway_008372.jpg,
Norway_008373.jpg,
Norway_008374.jpg,
Norway_008375.jpg,
Norway_008376.jpg,
Norway_008377.jpg,
Norway_008378.jpg,
Norway_008379.jpg,1 980 1152 1100 1337 1 1044 1349 1247 1779
Norway_008380.jpg,
Norway_008381.jpg,
Norway_008382.jpg,
Norway_008383.jpg,1 1602 1049 1640 1106 1 665 1308 974 1434 1 133 1568 660 1786 1 1546 1096 1580 1129 1 566 1396 816 1592
Norway_008384.jpg,1 1480 1033 1512 1059 1 969 1179 1138 1245 1 1195 1277 1252 1329 1 1313 1191 1356 1231 1 1543 1070 1581 1161
Norway_008385.jpg,
Norway_008386.jpg,
Norway_008387.jpg,1 1473 1068 1508 1131 2 851 1487 1778 1597 1 1470 1204 1490 1242 1 1516 1158 1633 1412 1 1433 1132 1454 1213
Norway_008388.jpg,3 1247 1504 1746 2008 1 876 1234 1098 1557 1 713 1566 869 1690 1 1 1427 457 1739 1 1102 1309 1470 1743
Norway_008389.jpg,
Norway_008390.jpg,1 370 1828 602 2033 1 1549 1502 1629 1742 1 1489 1311 1546 1425 1 1717 1814 1783 1950 1 374 1678 715 2037
Norway_008391.jpg,
Norway_008392.jpg,
Norway_008393.jpg,
Norway_008394.jpg,1 961 1100 1026 1153
Norway_008395.jpg,1 2812 1843 2904 1945
Norway_008396.jpg,
Norway_008397.jpg,
Norway_008398.jpg,
Norway_008399.jpg,
Norway_008400.jpg,
Norway_008401.jpg,1 704 1211 910 1314
Norway_008402.jpg,1 682 1348 776 1409
Norway_008403.jpg,1 2791 1948 2863 2008
Norway_008404.jpg,1 667 1130 1188 1490 1 1053 1099 1163 1277 1 1023 1464 1260 2025 1 1254 1104 1297 1190 1 999 1475 1149 1688
Norway_008405.jpg,
Norway_008406.jpg,
Norway_008407.jpg,
Norway_008408.jpg,
Norway_008409.jpg,1 179 1417 517 1543 1 1682 1882 1799 2036 1 318 1407 559 1508 1 1 1453 474 1724 1 1548 1640 1750 2016
Norway_008410.jpg,
Norway_008411.jpg,1 2086 1659 2297 1839
Norway_008412.jpg,
Norway_008413.jpg,
Norway_008414.jpg,2 967 1381 1564 1444 1 263 1404 526 1519 1 1777 1774 1841 1913 1 796 1160 1074 1283 1 1467 1318 1605 1491
Norway_008415.jpg,
Norway_008416.jpg,1 1573 1443 1988 2007
Norway_008417.jpg,
Norway_008418.jpg,
Norway_008419.jpg,
Norway_008420.jpg,2 1302 1458 1481 1492 1 1087 1091 1116 1124 2 1272 1617 1499 1709 2 784 1521 1039 1546 1 1158 1264 1317 1599
Norway_008421.jpg,
Norway_008422.jpg,
Norway_008423.jpg,1 1518 1163 1836 1691 1 1603 1320 1923 1895 1 1684 1464 1981 2041
Norway_008424.jpg,
Norway_008425.jpg,
Norway_008426.jpg,1 2675 1961 2733 2029
Norway_008427.jpg,
Norway_008428.jpg,1 1722 1721 1755 1814 1 719 1214 934 1331 3 965 1119 1110 1211 1 1131 1161 1193 1244 1 705 1250 867 1339
Norway_008429.jpg,
Norway_008430.jpg,
Norway_008431.jpg,
Norway_008432.jpg,
Norway_008433.jpg,1 347 1295 798 1558 1 1879 1860 2051 2029 1 6 1453 453 1735 1 1236 1223 1343 1294 3 560 1189 825 1352
Norway_008434.jpg,
Norway_008435.jpg,
Norway_008436.jpg,
Norway_008437.jpg,
Norway_008438.jpg,
Norway_008439.jpg,
Norway_008440.jpg,1 1307 1194 1361 1246 1 1368 1092 1426 1152 1 1250 1458 1270 1501 1 1001 1752 1104 1925 1 1274 1256 1397 1471
Norway_008441.jpg,
Norway_008442.jpg,1 1019 1339 1065 1384 3 1339 1510 1576 1704 1 1262 1140 1285 1169 1 1427 1170 1446 1205 2 761 1534 983 1583
Norway_008443.jpg,
Norway_008444.jpg,
Norway_008445.jpg,
Norway_008446.jpg,
Norway_008447.jpg,2 792 1841 1672 1974 2 574 1381 1822 1451 1 1700 1605 1838 1912 2 37 1812 1128 1905 1 735 1462 903 1661
Norway_008448.jpg,
Norway_008449.jpg,1 1529 1453 1600 1590 1 1471 1117 1525 1220
Norway_008450.jpg,
Norway_008451.jpg,
Norway_008452.jpg,1 1645 1310 2065 1907 1 1795 1489 2196 2041
Norway_008453.jpg,
Norway_008454.jpg,
Norway_008455.jpg,1 1259 1123 1292 1152 1 1 1546 130 1635 1 0 1501 185 1646 1 965 1278 1029 1314 1 637 1496 1017 1973
Norway_008456.jpg,
Norway_008457.jpg,1 2767 1201 2863 1315
Norway_008458.jpg,
Norway_008459.jpg,1 0 1464 345 1627
Norway_008460.jpg,
Norway_008461.jpg,
Norway_008462.jpg,
Norway_008463.jpg,1 449 1886 511 1975
Norway_008464.jpg,1 1503 1175 1542 1276 2 1829 1889 2228 1998 1 1097 1949 1196 2038 1 1662 1945 1705 2044 2 1495 1467 1807 1536
Norway_008465.jpg,1 1010 1083 1028 1106 1 1360 1326 1423 1541 1 1307 1198 1387 1405 1 1026 1282 1082 1373 1 503 1431 981 2005
Norway_008466.jpg,
Norway_008467.jpg,
Norway_008468.jpg,1 222 1518 385 1583 3 1487 1160 1597 1374 3 1527 1375 1698 1770 3 1555 1379 1682 1595 1 1645 1287 1697 1425
Norway_008469.jpg,
Norway_008470.jpg,
Norway_008471.jpg,1 450 1223 758 1404
Norway_008472.jpg,2 1688 1868 1825 1920 1 1314 1194 1351 1340 1 209 1434 528 1576 1 889 1175 1026 1252 1 1460 1240 1544 1354
Norway_008473.jpg,
Norway_008474.jpg,1 985 1068 1039 1115 1 1146 1180 1178 1229
Norway_008475.jpg,
Norway_008476.jpg,
Norway_008477.jpg,
Norway_008478.jpg,
Norway_008479.jpg,1 30 1490 393 1678 1 229 1302 811 1567 1 1305 1173 1401 1215 1 1598 1602 1750 2044 1 1364 1152 1420 1191
Norway_008480.jpg,
Norway_008481.jpg,
Norway_008482.jpg,
Norway_008483.jpg,
Norway_008484.jpg,1 1605 1911 1641 2000 1 1437 1445 1571 1706 1 332 1334 914 1720 1 1568 1679 1690 1851 1 669 1923 789 2039
Norway_008485.jpg,
Norway_008486.jpg,1 1368 1128 1793 1644
Norway_008487.jpg,1 460 1851 587 2026 1 1551 1431 1645 1543 1 1410 1205 1446 1273 1 998 1168 1123 1246 1 1136 1499 1185 1555
Norway_008488.jpg,1 1518 1570 1582 1627 2 278 1934 1060 2034 1 625 1193 1014 1391 1 1192 1964 1227 2038 1 1726 1681 1776 1789
Norway_008489.jpg,1 1062 1200 1125 1281 1 1042 1260 1177 1392 1 680 1440 987 2034
Norway_008490.jpg,1 896 1168 1099 1256 1 1442 1214 1475 1263 1 1464 1190 1754 1779 1 1006 1354 1162 1540
Norway_008491.jpg,1 1771 1425 1891 1594
Norway_008492.jpg,
Norway_008493.jpg,1 1735 1687 1814 1835
Norway_008494.jpg,
Norway_008495.jpg,
Norway_008496.jpg,
Norway_008497.jpg,
Norway_008498.jpg,
Norway_008499.jpg,1 2124 1543 2740 1991
Norway_008500.jpg,
Norway_008501.jpg,
Norway_008502.jpg,1 5 1523 186 1635
Norway_008503.jpg,1 1064 1312 1120 1374 1 758 1812 860 2033
Norway_008504.jpg,1 831 1583 1051 1888 1 1618 1229 1871 1585 1 1608 1212 1754 1456 1 1736 1580 2003 2034 1 829 1895 901 2039
Norway_008505.jpg,
Norway_008506.jpg,1 1211 1623 1321 2032 1 1450 1319 1474 1394
Norway_008507.jpg,
Norway_008508.jpg,
Norway_008509.jpg,
Norway_008510.jpg,1 3324 868 3431 984
Norway_008511.jpg,
Norway_008512.jpg,3 1475 1607 1738 1842 1 743 1181 1373 1600 2 0 1662 989 1767 3 1458 1638 1732 2041
Norway_008513.jpg,
Norway_008514.jpg,4 2806 396 2916 551 1 1623 1178 1647 1213 1 315 1438 770 1645 1 903 1273 1148 1384 1 286 1555 503 1698
Norway_008515.jpg,
Norway_008516.jpg,
Norway_008517.jpg,
Norway_008518.jpg,1 1388 1167 1453 1306 1 278 1571 380 1626 1 1140 1265 1192 1313 1 1459 1292 1554 1489 1 1309 1402 1467 2012
Norway_008519.jpg,
Norway_008520.jpg,1 1670 1528 1923 1849 2 1147 1751 1862 1852 1 1583 1314 1662 1457 1 1381 1521 1535 1655 1 1048 1509 1127 1681
Norway_008521.jpg,1 1011 1239 1058 1293 1 1006 1231 1097 1298
Norway_008522.jpg,
Norway_008523.jpg,
Norway_008524.jpg,
Norway_008525.jpg,
Norway_008526.jpg,
Norway_008527.jpg,
Norway_008528.jpg,1 1374 1890 1433 1945 1 1330 1185 1365 1211 3 204 1543 742 1801 3 970 1448 1418 2020
Norway_008529.jpg,
Norway_008530.jpg,2 12 1661 928 1753
Norway_008531.jpg,1 1312 1169 1517 1458
Norway_008532.jpg,1 1245 1271 1355 1318 1 792 1203 887 1297 1 1127 1318 1257 1516 3 977 1170 1081 1237 1 1658 1455 1823 1575
Norway_008533.jpg,
Norway_008534.jpg,1 1560 1290 1861 1752 1 1003 1217 1108 1263 1 1668 1452 1958 2038
Norway_008535.jpg,1 1527 1247 1586 1364 1 1659 1441 1903 2041 1 2098 1836 2282 2034
Norway_008536.jpg,
Norway_008537.jpg,
Norway_008538.jpg,
Norway_008539.jpg,
Norway_008540.jpg,1 1492 1196 1528 1285 1 1606 1475 1728 1771 1 1746 1753 1859 2033
Norway_008541.jpg,
Norway_008542.jpg,1 0 1423 444 1670 1 539 1448 614 1490 1 1286 1246 1503 1448 1 851 1835 940 2039 1 1131 1450 1257 1654
Norway_008543.jpg,
Norway_008544.jpg,
Norway_008545.jpg,
Norway_008546.jpg,1 1675 1396 1717 1447 3 1528 1119 1665 1321
Norway_008547.jpg,
Norway_008548.jpg,1 1033 1222 1172 1328 1 524 1401 872 1636 1 341 1469 416 1499 1 1439 1144 1462 1178 1 824 1469 1186 2017
Norway_008549.jpg,
Norway_008550.jpg,1 1232 1163 1303 1239
Norway_008551.jpg,
Norway_008552.jpg,1 902 1763 1133 2039 2 1517 1263 1603 1312 1 1238 1593 1296 1649 1 1518 1266 1599 1311 1 1536 1149 1560 1207
Norway_008553.jpg,1 493 1468 694 1690
Norway_008554.jpg,1 262 1367 460 1439
Norway_008555.jpg,
Norway_008556.jpg,
Norway_008557.jpg,
Norway_008558.jpg,
Norway_008559.jpg,
Norway_008560.jpg,
Norway_008561.jpg,
Norway_008562.jpg,1 1664 1380 1758 1544 1 776 1528 902 1671 1 404 1680 733 2031 1 1601 1630 1729 2035
Norway_008563.jpg,1 1790 1503 1823 1558 1 1911 1825 2020 2032 1 1802 1368 1929 1478 1 1697 1258 1791 1384 1 1626 1370 1771 1513
Norway_008564.jpg,1 1977 1843 2114 2033
Norway_008565.jpg,
Norway_008566.jpg,
Norway_008567.jpg,1 1337 1332 1375 1394
Norway_008568.jpg,1 1125 1133 1299 1309
Norway_008569.jpg,
Norway_008570.jpg,
Norway_008571.jpg,
Norway_008572.jpg,
Norway_008573.jpg,
Norway_008574.jpg,
Norway_008575.jpg,
Norway_008576.jpg,1 1445 1866 1488 2026 4 2020 1308 2208 1344 1 932 1092 953 1122 1 1535 1637 1688 1787 1 1447 1667 1598 2027
Norway_008577.jpg,
Norway_008578.jpg,
Norway_008579.jpg,
Norway_008580.jpg,1 1280 1219 1316 1268 1 1429 1106 1446 1132 1 755 1259 851 1316 1 1271 1260 1306 1292 1 504 1308 743 1435
Norway_008581.jpg,
Norway_008582.jpg,
Norway_008583.jpg,
Norway_008584.jpg,
Norway_008585.jpg,
Norway_008586.jpg,1 1770 1738 1998 2022
Norway_008587.jpg,
Norway_008588.jpg,
Norway_008589.jpg,1 1722 1363 2144 1858 1 1835 1516 2273 2004
Norway_008590.jpg,1 1301 1143 1330 1213 1 1332 1709 1388 1814 1 1255 1789 1329 2025 1 1310 1416 1426 1714
Norway_008591.jpg,4 921 1265 958 1287 4 882 1407 959 1442
Norway_008592.jpg,
Norway_008593.jpg,
Norway_008594.jpg,1 4 1606 148 1684 1 1431 1108 1562 1343 1 37 1600 176 1660 1 1448 1317 1545 1518 1 392 1478 665 1671
Norway_008595.jpg,
Norway_008596.jpg,
Norway_008597.jpg,1 2 1618 173 1839 1 162 1328 675 1662 1 1288 1053 1317 1108 1 1560 1873 1662 2040 1 110 1420 518 1691
Norway_008598.jpg,
Norway_008599.jpg,
Norway_008600.jpg,
Norway_008601.jpg,
Norway_008602.jpg,
Norway_008603.jpg,1 1029 1122 1111 1179 1 1476 1407 1549 1619
Norway_008604.jpg,1 1011 1259 1267 1693 1 1513 1286 1556 1340 1 1310 1330 1369 1800 1 1240 1105 1279 1154 1 1090 1283 1152 1371
Norway_008605.jpg,1 76 1373 358 1524
Norway_008606.jpg,
Norway_008607.jpg,1 977 1102 1218 1235
Norway_008608.jpg,1 1133 1124 1212 1198
Norway_008609.jpg,
Norway_008610.jpg,1 959 1320 1056 1438
Norway_008611.jpg,
Norway_008612.jpg,
Norway_008613.jpg,
Norway_008614.jpg,
Norway_008615.jpg,
Norway_008616.jpg,1 496 479 532 539
Norway_008617.jpg,
Norway_008618.jpg,1 1112 1087 1137 1143 1 959 1548 1042 1713 1 766 1138 868 1198 1 408 1304 632 1442 1 985 1273 1083 1530
Norway_008619.jpg,1 1470 1797 1499 1913
Norway_008620.jpg,1 1313 1312 1403 1447
Norway_008621.jpg,1 1332 1951 1373 2034
Norway_008622.jpg,
Norway_008623.jpg,
Norway_008624.jpg,
Norway_008625.jpg,1 1612 1262 1637 1299 1 2130 1658 2219 1793 1 1641 1293 1736 1396 1 1118 1204 1246 1270 3 1570 1139 1660 1251
Norway_008626.jpg,
Norway_008627.jpg,
Norway_008628.jpg,
Norway_008629.jpg,
Norway_008630.jpg,
Norway_008631.jpg,
Norway_008632.jpg,2 1828 1638 2055 1699 1 1024 1689 1124 1863 1 1042 1167 1078 1202 1 855 1254 907 1309 1 1532 1219 1601 1586
Norway_008633.jpg,
Norway_008634.jpg,
Norway_008635.jpg,
Norway_008636.jpg,
Norway_008637.jpg,1 929 1667 1057 1932
Norway_008638.jpg,
Norway_008639.jpg,
Norway_008640.jpg,1 0 1399 589 1706
Norway_008641.jpg,1 173 1329 863 1633 1 1554 1592 1679 1813 1 347 1242 1038 1578 1 1626 1341 1712 1439 1 1625 1630 1789 2032
Norway_008642.jpg,
Norway_008643.jpg,
Norway_008644.jpg,1 1382 1331 1507 1481 1 1156 1101 1501 1482
Norway_008645.jpg,
Norway_008646.jpg,
Norway_008647.jpg,2 443 1498 1332 1544 1 804 1381 959 1498
Norway_008648.jpg,1 634 1308 796 1396 4 1458 1199 1522 1243 1 1456 1196 1516 1244 1 1489 1069 1510 1117 1 1436 1097 1464 1128
Norway_008649.jpg,
Norway_008650.jpg,2 229 1525 889 1625 2 822 1447 1269 1587 1 1501 1350 1543 1496 2 1157 1184 1391 1244 2 702 1554 1229 1648
Norway_008651.jpg,1 250 1423 446 1528 1 1451 1711 1514 1778 1 1592 1680 1653 1822 3 1389 1123 1494 1217 1 1480 1245 1591 1503
Norway_008652.jpg,
Norway_008653.jpg,4 1507 1531 1540 1559 1 1584 1308 1746 1488 1 1058 1372 1082 1421 2 1175 1367 1372 1385 1 1323 1070 1342 1092
Norway_008654.jpg,
Norway_008655.jpg,
Norway_008656.jpg,
Norway_008657.jpg,2 655 1294 1410 1335 1 1119 1117 1139 1148
Norway_008658.jpg,2 0 1796 817 1852
Norway_008659.jpg,
Norway_008660.jpg,
Norway_008661.jpg,
Norway_008662.jpg,
Norway_008663.jpg,1 7 1606 224 1757 1 651 1406 702 1461 1 1399 1751 1509 1849 1 741 1384 1013 1680 2 742 1704 1284 1771
Norway_008664.jpg,
Norway_008665.jpg,1 1841 1541 2142 1867 1 1610 1480 1671 1588 1 1626 1242 1672 1314 1 1607 1482 1734 1715 1 1996 1815 2232 2035
Norway_008666.jpg,
Norway_008667.jpg,
Norway_008668.jpg,1 1362 1095 1423 1154
Norway_008669.jpg,
Norway_008670.jpg,
Norway_008671.jpg,1 1597 1401 1648 1463
Norway_008672.jpg,
Norway_008673.jpg,
Norway_008674.jpg,
Norway_008675.jpg,
Norway_008676.jpg,
Norway_008677.jpg,1 1597 1675 1665 1900 1 1295 1226 1390 1494 1 1190 1632 1278 1843 1 1426 1469 1475 1567 1 1583 1897 1643 2036
Norway_008678.jpg,
Norway_008679.jpg,1 916 1386 1027 1487 1 267 1343 593 1464 1 0 1498 355 1696
Norway_008680.jpg,1 963 1573 1016 1697
Norway_008681.jpg,
Norway_008682.jpg,
Norway_008683.jpg,
Norway_008684.jpg,
Norway_008685.jpg,
Norway_008686.jpg,1 1228 1148 1255 1198 1 502 1291 776 1408
Norway_008687.jpg,1 1621 1558 1965 2020
Norway_008688.jpg,2 12 1616 491 1705
Norway_008689.jpg,2 318 1417 655 1440 1 1281 1216 1342 1274
Norway_008690.jpg,
Norway_008691.jpg,
Norway_008692.jpg,
Norway_008693.jpg,
Norway_008694.jpg,
Norway_008695.jpg,1 457 1427 584 1514 1 504 1629 597 1692 1 1508 1166 1665 1437 1 1011 1704 1084 1800 1 966 1295 1088 1376
Norway_008696.jpg,2 1585 1487 1772 1520 1 1267 1349 1325 1413 1 1404 1218 1449 1256 1 1210 1119 1349 1178 1 982 1142 1350 1345
Norway_008697.jpg,
Norway_008698.jpg,
Norway_008699.jpg,1 1088 1113 1132 1175 2 612 1299 1542 1347
Norway_008700.jpg,
Norway_008701.jpg,
Norway_008702.jpg,
Norway_008703.jpg,
Norway_008704.jpg,
Norway_008705.jpg,
Norway_008706.jpg,
Norway_008707.jpg,3 1632 1176 1699 1301 1 1496 1515 1526 1672 1 1719 1390 1739 1425 1 1000 1827 1108 2031 1 1634 1475 1660 1529
Norway_008708.jpg,
Norway_008709.jpg,
Norway_008710.jpg,
Norway_008711.jpg,1 1335 1208 1384 1276 1 11 1558 192 1873 1 549 1328 1015 1646 1 157 1537 703 2014 2 1206 1304 1552 1336
Norway_008712.jpg,
Norway_008713.jpg,
Norway_008714.jpg,
Norway_008715.jpg,1 359 1650 742 2024 1 1241 1056 1271 1096 1 348 1277 685 1428
Norway_008716.jpg,1 1478 1312 1526 1386
Norway_008717.jpg,1 985 1195 1339 1448 1 1986 1704 2206 2003 1 995 1281 1205 1456 1 1217 1168 1359 1271 1 1884 1551 2187 2009
Norway_008718.jpg,
Norway_008719.jpg,
Norway_008720.jpg,
Norway_008721.jpg,1 1312 1344 1366 1433
Norway_008722.jpg,
Norway_008723.jpg,
Norway_008724.jpg,
Norway_008725.jpg,1 950 1418 1046 1497 1 225 1514 443 1630 2 1508 1391 1612 1479 1 1017 1398 1056 1430 1 1799 1495 1940 2042
Norway_008726.jpg,
Norway_008727.jpg,
Norway_008728.jpg,2 807 1642 1308 1695 1 7 1495 418 1709 1 719 1254 884 1349 4 1718 1496 1827 1538
Norway_008729.jpg,1 12 1483 375 1731 1 1472 1352 1584 1829 1 1452 1157 1580 1374
Norway_008730.jpg,1 1408 1182 1485 1337 2 947 1200 1481 1237 1 68 1518 391 1668 1 0 1660 106 1781 1 1398 1185 1464 1255
Norway_008731.jpg,
Norway_008732.jpg,
Norway_008733.jpg,1 928 1188 1094 1258 1 1098 1164 1189 1208 1 590 1432 644 1456 2 1518 1542 1719 1596 1 247 1787 549 2027
Norway_008734.jpg,
Norway_008735.jpg,
Norway_008736.jpg,2 1075 1592 1757 1668
Norway_008737.jpg,
Norway_008738.jpg,
Norway_008739.jpg,
Norway_008740.jpg,
Norway_008741.jpg,
Norway_008742.jpg,
Norway_008743.jpg,
Norway_008744.jpg,
Norway_008745.jpg,
Norway_008746.jpg,2 1301 1429 1608 1471
Norway_008747.jpg,1 0 1744 185 1904 1 246 1548 566 1739 1 1387 1236 1434 1294 1 1368 1256 1453 1431 1 652 1694 753 1784
Norway_008748.jpg,
Norway_008749.jpg,
Norway_008750.jpg,
Norway_008751.jpg,
Norway_008752.jpg,1 822 1676 1037 2011
Norway_008753.jpg,1 1600 1488 1701 1716 1 218 1858 312 1940 1 1237 1415 1416 2021 1 1740 1844 1834 2037
Norway_008754.jpg,1 2284 1819 2532 2018
Norway_008755.jpg,1 1321 1172 1443 1266 1 1119 1345 1222 1439 1 1649 1165 1668 1204 1 1631 1265 1648 1303
Norway_008756.jpg,
Norway_008757.jpg,4 394 1316 431 1333
Norway_008758.jpg,
Norway_008759.jpg,
Norway_008760.jpg,
Norway_008761.jpg,
Norway_008762.jpg,
Norway_008763.jpg,
Norway_008764.jpg,
Norway_008765.jpg,
Norway_008766.jpg,2 1054 1210 1819 1408
Norway_008767.jpg,
Norway_008768.jpg,
Norway_008769.jpg,
Norway_008770.jpg,4 1385 1365 1436 1457
Norway_008771.jpg,
Norway_008772.jpg,
Norway_008773.jpg,
Norway_008774.jpg,
Norway_008775.jpg,2 652 1349 1668 1424 1 1879 1413 2079 1524
Norway_008776.jpg,4 955 1563 1044 1640 1 180 1477 516 1678
Norway_008777.jpg,
Norway_008778.jpg,
Norway_008779.jpg,
Norway_008780.jpg,1 0 1618 337 1859
Norway_008781.jpg,
Norway_008782.jpg,
Norway_008783.jpg,
Norway_008784.jpg,
Norway_008785.jpg,1 1744 1516 1817 1622 1 1463 1226 1521 1308 1 494 1391 1039 1954 1 1099 1189 1293 1340 1 694 1373 840 1444
Norway_008786.jpg,2 1483 1579 1665 1640 4 1230 1595 1292 1619 1 1547 1416 1648 1590 1 438 1385 528 1434 1 1588 1483 1659 1581
Norway_008787.jpg,
Norway_008788.jpg,
Norway_008789.jpg,1 1203 1229 1369 1437 2 551 1340 1391 1414 1 1246 1430 1314 1517 1 1443 1857 1482 1900 1 1279 1234 1361 1325
Norway_008790.jpg,
Norway_008791.jpg,
Norway_008792.jpg,1 1134 1121 1206 1164 1 1352 1257 1376 1282 1 1253 1126 1350 1202 1 1431 1132 1466 1246 1 1088 1123 1208 1194
Norway_008793.jpg,
Norway_008794.jpg,
Norway_008795.jpg,
Norway_008796.jpg,
Norway_008797.jpg,
Norway_008798.jpg,
Norway_008799.jpg,
Norway_008800.jpg,
Norway_008801.jpg,1 1323 1403 1438 1455 1 1097 1458 1357 1977
Norway_008802.jpg,
Norway_008803.jpg,
Norway_008804.jpg,1 954 1739 1056 1958 1 1539 1790 1651 2028 1 1527 1368 1586 1468 1 1464 1275 1496 1350 1 1062 1104 1325 1352
Norway_008805.jpg,1 906 1288 1028 1383
Norway_008806.jpg,
Norway_008807.jpg,
Norway_008808.jpg,3 1509 1378 1996 1906 4 1642 994 1699 1019 3 1541 1136 1930 1677 1 739 1278 1017 1413 1 0 1643 218 1812
Norway_008809.jpg,1 2069 1510 2728 2025
Norway_008810.jpg,
Norway_008811.jpg,
Norway_008812.jpg,1 557 1663 780 1897 1 731 1335 783 1401 1 553 1315 693 1399 1 1129 1168 1170 1214 1 461 1663 792 2016
Norway_008813.jpg,1 1611 1506 1697 1864 1 1613 1713 1751 2043 1 1258 1173 1311 1205 1 1638 1857 1764 2035 1 1595 1416 1704 1684
Norway_008814.jpg,
Norway_008815.jpg,
Norway_008816.jpg,
Norway_008817.jpg,1 1275 1223 1316 1253 1 802 1271 978 1340 1 1355 1083 1529 1197 1 1176 1262 1255 1332
Norway_008818.jpg,
Norway_008819.jpg,
Norway_008820.jpg,1 253 1372 712 1602
Norway_008821.jpg,
Norway_008822.jpg,2 1566 1615 1735 1676 1 1354 1626 1390 1700 1 1396 1736 1492 1863 1 1203 1143 1309 1370
Norway_008823.jpg,
Norway_008824.jpg,
Norway_008825.jpg,
Norway_008826.jpg,1 2580 1208 2818 1321
Norway_008827.jpg,1 1575 1189 1695 1318 1 1724 1379 1894 1561
Norway_008828.jpg,1 1349 1178 1408 1267
Norway_008829.jpg,1 1369 1289 1527 1526
Norway_008830.jpg,
Norway_008831.jpg,
Norway_008832.jpg,
Norway_008833.jpg,
Norway_008834.jpg,
Norway_008835.jpg,4 1252 1519 1358 1581 4 1258 1471 1347 1505
Norway_008836.jpg,
Norway_008837.jpg,
Norway_008838.jpg,
Norway_008839.jpg,1 1232 1129 1352 1185 1 1742 1427 2117 1845 1 1550 1969 1608 2038 1 1751 1431 1955 1691 1 1967 1750 2136 2037
Norway_008840.jpg,
Norway_008841.jpg,1 660 1376 782 1440 1 1850 1622 1957 1749
Norway_008842.jpg,1 1756 1660 1793 1741 1 1671 1948 1710 1999 1 1774 1680 1805 1742 1 1816 1800 1875 1910 1 1595 1571 1657 1818
Norway_008843.jpg,
Norway_008844.jpg,
Norway_008845.jpg,1 493 1725 552 1802
Norway_008846.jpg,
Norway_008847.jpg,
Norway_008848.jpg,
Norway_008849.jpg,
Norway_008850.jpg,
Norway_008851.jpg,1 1242 1190 1275 1309
Norway_008852.jpg,
Norway_008853.jpg,1 1452 1226 1545 1371 1 1173 1194 1211 1223
Norway_008854.jpg,
Norway_008855.jpg,2 1006 1688 1995 1768 1 1335 1152 1390 1227 1 1191 1373 1297 1571
Norway_008856.jpg,1 606 1391 651 1425 1 603 1326 799 1427
Norway_008857.jpg,
Norway_008858.jpg,
Norway_008859.jpg,1 1771 1487 1916 1693 1 1534 1102 1592 1228 1 2035 1506 2112 1581 1 1578 1207 1684 1370 1 1476 1029 1554 1128
Norway_008860.jpg,1 668 1710 938 2017
Norway_008861.jpg,1 1011 1411 1188 1650
Norway_008862.jpg,
Norway_008863.jpg,
Norway_008864.jpg,
Norway_008865.jpg,1 1501 1128 1548 1206 1 940 1184 1091 1243
Norway_008866.jpg,
Norway_008867.jpg,
Norway_008868.jpg,
Norway_008869.jpg,1 1046 1302 1149 1388 2 1028 1299 1495 1418
Norway_008870.jpg,1 3587 1637 3708 1686 1 3821 1839 3927 1921
Norway_008871.jpg,
Norway_008872.jpg,
Norway_008873.jpg,
Norway_008874.jpg,
Norway_008875.jpg,
Norway_008876.jpg,
Norway_008877.jpg,
Norway_008878.jpg,
Norway_008879.jpg,
Norway_008880.jpg,4 499 1298 528 1318 1 357 1356 406 1383 4 253 1411 293 1432 1 1097 1093 1165 1159 1 1010 1289 1079 1463
Norway_008881.jpg,1 1433 1109 1459 1219 1 325 1672 671 2024 1 376 1554 799 1964 1 1424 1226 1469 1309
Norway_008882.jpg,1 1356 1168 1400 1243
Norway_008883.jpg,1 1452 1114 1478 1154 1 1533 1524 1591 1592 1 1524 1151 1557 1208 1 5 1627 326 2002 1 1162 1143 1227 1186
Norway_008884.jpg,
Norway_008885.jpg,
Norway_008886.jpg,
Norway_008887.jpg,1 1163 1224 1265 1313 1 534 1797 691 2012 1 820 1528 990 1706
Norway_008888.jpg,2 3344 1606 3645 1652
Norway_008889.jpg,
Norway_008890.jpg,
Norway_008891.jpg,
Norway_008892.jpg,
Norway_008893.jpg,1 1501 1227 1564 1390 1 1523 1233 1562 1340 2 397 1612 1349 1695
Norway_008894.jpg,
Norway_008895.jpg,
Norway_008896.jpg,
Norway_008897.jpg,
Norway_008898.jpg,1 1916 1388 2543 1925 1 108 1503 341 1631 1 851 1228 996 1289
Norway_008899.jpg,
Norway_008900.jpg,
Norway_008901.jpg,
Norway_008902.jpg,1 1411 1083 1469 1129 2 726 1562 1846 1664 1 1544 1027 1625 1218 1 1542 1231 1647 1421
Norway_008903.jpg,
Norway_008904.jpg,1 1198 1074 1282 1140
Norway_008905.jpg,
Norway_008906.jpg,
Norway_008907.jpg,
Norway_008908.jpg,
Norway_008909.jpg,1 499 1348 978 1800 3 358 1368 602 1475 1 205 1496 799 2010 1 632 1266 890 1457 1 1049 1281 1138 1366
Norway_008910.jpg,
Norway_008911.jpg,
Norway_008912.jpg,
Norway_008913.jpg,2 752 1879 1921 1962 2 1788 1904 2089 1967 1 2046 1952 2112 2037 2 1794 1875 2173 1951 3 1724 1309 2027 1848
Norway_008914.jpg,
Norway_008915.jpg,1 112 1537 390 1721 4 2173 1682 2326 1742 1 410 1476 679 1672
Norway_008916.jpg,1 1116 1185 1168 1234
Norway_008917.jpg,
Norway_008918.jpg,
Norway_008919.jpg,
Norway_008920.jpg,2 1249 1499 1407 1617 1 1427 1389 1518 1508 1 421 1320 1109 1652 1 1270 1480 1479 1613 1 356 1803 448 1878
Norway_008921.jpg,1 1405 1060 1439 1086 2 1831 1734 2019 1839 1 947 1205 1093 1373
Norway_008922.jpg,
Norway_008923.jpg,
Norway_008924.jpg,
Norway_008925.jpg,
Norway_008926.jpg,
Norway_008927.jpg,1 1509 1188 1539 1252
Norway_008928.jpg,1 1124 1087 1260 1187 1 359 1161 1014 1478 1 0 1439 420 1684 1 765 1151 1029 1302 1 2274 1835 2503 2019
Norway_008929.jpg,1 584 1615 666 1668 2 1052 1511 1918 1585 1 1651 1187 1749 1367 3 808 1652 1085 1905
Norway_008930.jpg,4 628 1639 722 1674 4 525 1728 585 1756 1 2259 1842 2474 2035
Norway_008931.jpg,
Norway_008932.jpg,
Norway_008933.jpg,
Norway_008934.jpg,
Norway_008935.jpg,
Norway_008936.jpg,
Norway_008937.jpg,
Norway_008938.jpg,
Norway_008939.jpg,1 9 1262 397 1466
Norway_008940.jpg,
Norway_008941.jpg,
Norway_008942.jpg,
Norway_008943.jpg,
Norway_008944.jpg,1 1367 1544 1540 1993
Norway_008945.jpg,
Norway_008946.jpg,1 710 1219 1008 1376 2 254 1471 971 1544 1 1234 1192 1281 1261
Norway_008947.jpg,3 828 1641 1083 1770
Norway_008948.jpg,
Norway_008949.jpg,4 787 1448 952 1608 1 792 1451 949 1605 1 359 1678 699 2037 1 948 1176 1024 1308
Norway_008950.jpg,1 877 1164 1065 1275
Norway_008951.jpg,
Norway_008952.jpg,1 1515 1323 1594 1598 1 1525 1150 1624 1322
Norway_008953.jpg,
Norway_008954.jpg,
Norway_008955.jpg,
Norway_008956.jpg,1 48 1439 351 1605 1 456 1322 626 1430
Norway_008957.jpg,
Norway_008958.jpg,1 632 1500 814 1700 1 1497 1359 1527 1448 1 843 1491 1024 1773
Norway_008959.jpg,
Norway_008960.jpg,1 1468 1121 1488 1146
Norway_008961.jpg,
Norway_008962.jpg,
Norway_008963.jpg,
Norway_008964.jpg,
Norway_008965.jpg,
Norway_008966.jpg,1 139 1419 321 1524
Norway_008967.jpg,
Norway_008968.jpg,
Norway_008969.jpg,
Norway_008970.jpg,1 1271 1468 1303 1566 1 1321 1321 1343 1376 1 1558 1264 1712 1522 1 1323 1213 1438 1374 1 1193 1355 1238 1410
Norway_008971.jpg,1 2042 1945 2085 2034 1 1807 1492 1932 1659 1 1540 1180 1634 1287 1 1640 1307 1701 1405 1 2001 1741 2179 1992
Norway_008972.jpg,
Norway_008973.jpg,1 1286 1166 1338 1202 2 1189 1337 1551 1419 1 1325 1456 1360 1490 1 1028 1135 1120 1209 1 1365 1478 1423 1617
Norway_008974.jpg,2 1191 1442 1478 1602 1 1160 1195 1216 1226 1 1172 1428 1485 1606 1 516 1472 962 2006 1 1397 1195 1440 1267
Norway_008975.jpg,2 879 1421 1066 1482
Norway_008976.jpg,
Norway_008977.jpg,
Norway_008978.jpg,
Norway_008979.jpg,
Norway_008980.jpg,
Norway_008981.jpg,
Norway_008982.jpg,
Norway_008983.jpg,1 1234 1222 1458 1458 1 1419 1890 1582 2016
Norway_008984.jpg,1 1399 1230 1703 1620
Norway_008985.jpg,
Norway_008986.jpg,
Norway_008987.jpg,
Norway_008988.jpg,1 937 1220 1013 1261 1 1565 1394 1812 1535 2 0 1511 402 1651 2 903 2007 1316 2041 1 942 1283 1273 1874
Norway_008989.jpg,
Norway_008990.jpg,2 835 1249 1624 1342 1 1534 1357 1691 1976
Norway_008991.jpg,
Norway_008992.jpg,
Norway_008993.jpg,
Norway_008994.jpg,
Norway_008995.jpg,
Norway_008996.jpg,
Norway_008997.jpg,
Norway_008998.jpg,1 1631 1207 1758 1319
Norway_008999.jpg,
Norway_009000.jpg,1 1391 1519 1462 1602 1 1255 1209 1291 1236 1 1420 1244 1516 1578 1 1562 1208 1584 1240 1 1090 1188 1164 1226
Norway_009001.jpg,
Norway_009002.jpg,
Norway_009003.jpg,
Norway_009004.jpg,1 329 1426 611 1577 1 1853 1946 1897 2036 1 1309 1124 1348 1172 1 782 1559 888 1641 1 1139 1162 1244 1216
Norway_009005.jpg,
Norway_009006.jpg,1 1176 1105 1215 1202
Norway_009007.jpg,
Norway_009008.jpg,
Norway_009009.jpg,
Norway_009010.jpg,1 878 1242 925 1277 1 0 1546 529 1860 1 855 1074 888 1099 1 1131 1130 1189 1187 1 865 1367 923 1429
Norway_009011.jpg,1 0 1638 384 1977
Norway_009012.jpg,
Norway_009013.jpg,
Norway_009014.jpg,1 446 1475 947 2025 2 144 1416 1073 1522
Norway_009015.jpg,
Norway_009016.jpg,
Norway_009017.jpg,
Norway_009018.jpg,
Norway_009019.jpg,
Norway_009020.jpg,
Norway_009021.jpg,2 1798 1977 2160 2043 1 1487 1133 1518 1202 3 1505 1447 1817 1984 1 1184 1225 1272 1299 1 1880 1710 1991 1836
Norway_009022.jpg,1 1411 1203 1494 1324
Norway_009023.jpg,
Norway_009024.jpg,
Norway_009025.jpg,1 0 1642 288 1817 1 180 1575 477 1719 1 1678 1336 1736 1448 1 647 1332 975 1471 1 4 1584 460 1803
Norway_009026.jpg,
Norway_009027.jpg,
Norway_009028.jpg,
Norway_009029.jpg,
Norway_009030.jpg,
Norway_009031.jpg,2 1582 1669 1820 1703 2 972 1167 1555 1254 1 33 1664 233 1801 2 572 1383 1739 1474 1 1436 1165 1472 1265
Norway_009032.jpg,
Norway_009033.jpg,
Norway_009034.jpg,
Norway_009035.jpg,1 2 1912 102 2003 1 0 1528 325 1774 1 0 1456 502 1720 1 1 1648 257 1928
Norway_009036.jpg,
Norway_009037.jpg,
Norway_009038.jpg,
Norway_009039.jpg,
Norway_009040.jpg,4 30 1646 96 1677
Norway_009041.jpg,
Norway_009042.jpg,
Norway_009043.jpg,
Norway_009044.jpg,1 1359 1343 1416 1440
Norway_009045.jpg,1 1459 1079 1489 1120 1 1576 1408 1714 1781
Norway_009046.jpg,
Norway_009047.jpg,
Norway_009048.jpg,
Norway_009049.jpg,
Norway_009050.jpg,1 1819 1387 2440 1950 1 1625 1178 1785 1293 1 494 1302 1084 1713 1 304 1684 648 2000 1 2002 1562 2546 2041
Norway_009051.jpg,
Norway_009052.jpg,
Norway_009053.jpg,
Norway_009054.jpg,
Norway_009055.jpg,
Norway_009056.jpg,
Norway_009057.jpg,4 365 1766 422 1804
Norway_009058.jpg,
Norway_009059.jpg,1 1180 1170 1339 1255 1 5 1493 662 1983 1 786 1351 1021 1483 1 1582 1472 1720 1720
Norway_009060.jpg,1 1504 1227 1661 1732 1 1558 1459 1711 2026 1 0 1486 372 1695
Norway_009061.jpg,
Norway_009062.jpg,
Norway_009063.jpg,1 1617 1517 1756 1853 2 906 1602 1735 1651
Norway_009064.jpg,
Norway_009065.jpg,2 438 1527 1277 1602 2 1423 1278 1686 1311 2 0 1859 400 1939 1 461 1414 700 1526 1 163 1564 527 1729
Norway_009066.jpg,3 0 1571 447 1913 3 543 1396 800 1535
Norway_009067.jpg,
Norway_009068.jpg,
Norway_009069.jpg,
Norway_009070.jpg,
Norway_009071.jpg,
Norway_009072.jpg,
Norway_009073.jpg,
Norway_009074.jpg,1 1428 1125 1477 1154 1 1337 1198 1380 1236
Norway_009075.jpg,1 3171 1240 3264 1326 1 3789 1316 4036 1447
Norway_009076.jpg,1 847 1865 991 2016 1 435 1501 942 2041
Norway_009077.jpg,
Norway_009078.jpg,
Norway_009079.jpg,
Norway_009080.jpg,1 1418 1119 1579 1377 1 1035 1522 1071 1601 1 735 1112 979 1200 1 1068 1320 1129 1466
Norway_009081.jpg,
Norway_009082.jpg,
Norway_009083.jpg,
Norway_009084.jpg,
Norway_009085.jpg,1 1207 1039 1231 1090
Norway_009086.jpg,
Norway_009087.jpg,
Norway_009088.jpg,
Norway_009089.jpg,1 1481 1055 1584 1093 1 1406 1451 1455 1691 1 630 1798 756 2021 1 1079 1325 1176 1464 1 1072 1151 1167 1193
Norway_009090.jpg,1 5 1498 293 1670
Norway_009091.jpg,1 757 1408 959 1574 1 1328 1325 1363 1379 1 1549 1128 1621 1256
Norway_009092.jpg,
Norway_009093.jpg,
Norway_009094.jpg,4 282 1599 337 1638
Norway_009095.jpg,
Norway_009096.jpg,1 3888 1803 3979 2035
Norway_009097.jpg,
Norway_009098.jpg,
Norway_009099.jpg,1 0 1547 183 1644 1 487 1299 782 1430 1 1844 1495 2346 2008
Norway_009100.jpg,
Norway_009101.jpg,
Norway_009102.jpg,
Norway_009103.jpg,1 1803 1481 1972 1620 1 1329 1517 1371 1608 1 1304 1401 1373 1623 1 2070 1746 2361 2033 1 1428 1262 1536 1334
Norway_009104.jpg,1 1584 1275 1603 1304 2 1240 1327 1705 1357 1 1083 1385 1140 1466 1 1270 1220 1322 1260 1 497 1515 983 2009
Norway_009105.jpg,2 1065 1365 1431 1421 2 1564 1443 1813 1476 1 859 1445 940 1491 2 853 1486 1426 1555 1 1039 1215 1184 1271
Norway_009106.jpg,
Norway_009107.jpg,2 978 1511 1838 1824 4 1028 1666 1076 1699 1 1468 1114 1528 1226 1 1820 1802 1984 2043
Norway_009108.jpg,
Norway_009109.jpg,
Norway_009110.jpg,
Norway_009111.jpg,1 1022 1169 1266 1416 1 507 1329 870 1505 3 1180 1126 1352 1264 1 1204 1102 1296 1151 1 13 1517 502 1822
Norway_009112.jpg,
Norway_009113.jpg,
Norway_009114.jpg,2 0 1839 242 1891
Norway_009115.jpg,
Norway_009116.jpg,
Norway_009117.jpg,
Norway_009118.jpg,
Norway_009119.jpg,1 730 1207 976 1302 1 762 1948 828 2033 1 765 1137 1138 1287 1 1157 1544 1263 2037 1 1103 1293 1272 1580
Norway_009120.jpg,
Norway_009121.jpg,
Norway_009122.jpg,
Norway_009123.jpg,
Norway_009124.jpg,
Norway_009125.jpg,1 1122 1751 1193 2022
Norway_009126.jpg,1 1646 1968 1688 2037 1 1567 1533 1674 1719 1 1571 1701 1698 1988
Norway_009127.jpg,
Norway_009128.jpg,
Norway_009129.jpg,
Norway_009130.jpg,
Norway_009131.jpg,
Norway_009132.jpg,
Norway_009133.jpg,
Norway_009134.jpg,
Norway_009135.jpg,2 1076 1744 1579 1826 1 1466 1220 1510 1290 1 1426 1160 1469 1217 2 1099 1306 1209 1401 1 1106 1304 1211 1409
Norway_009136.jpg,
Norway_009137.jpg,1 753 1313 833 1345 1 0 1590 139 1729
Norway_009138.jpg,
Norway_009139.jpg,
Norway_009140.jpg,
Norway_009141.jpg,1 2002 1848 2152 2029
Norway_009142.jpg,1 278 1328 650 1665 1 731 1042 765 1091
Norway_009143.jpg,
Norway_009144.jpg,2 1233 1485 2000 1556 1 1681 1498 1840 2001 2 819 1472 1748 1543
Norway_009145.jpg,
Norway_009146.jpg,
Norway_009147.jpg,
Norway_009148.jpg,2 1122 1371 1518 1402 2 1484 1379 1758 1402 1 1456 1122 1481 1201 2 1441 1641 1804 1700 1 1385 1244 1426 1306
Norway_009149.jpg,1 2022 1772 2270 2028
Norway_009150.jpg,
Norway_009151.jpg,1 317 1352 861 1641 1 8 1454 663 1739 1 952 1498 1547 1997
Norway_009152.jpg,1 1642 1280 1715 1443 1 1545 1314 1824 1676 1 1700 1663 1866 2027
Norway_009153.jpg,
Norway_009154.jpg,
Norway_009155.jpg,
Norway_009156.jpg,
Norway_009157.jpg,1 1319 1170 1375 1253
Norway_009158.jpg,
Norway_009159.jpg,
Norway_009160.jpg,
Norway_009161.jpg,
Norway_009162.jpg,2 738 1360 1457 1406
Norway_009163.jpg,
Norway_009164.jpg,
Norway_009165.jpg,1 1613 1883 1707 2035 1 549 1410 703 1503 1 7 1515 266 1667 1 1067 1201 1296 1462 3 260 1393 514 1524
Norway_009166.jpg,
Norway_009167.jpg,4 1756 1709 1809 1743
Norway_009168.jpg,2 1426 1890 1944 1961 1 646 1353 696 1383 1 1014 1242 1134 1372 1 605 1457 908 1682 2 34 1737 983 1862
Norway_009169.jpg,
Norway_009170.jpg,1 1531 1288 1549 1321 1 1582 1659 1619 1725 1 1544 1362 1577 1416 1 1656 1734 1714 1809 1 1617 1435 1693 1601
Norway_009171.jpg,
Norway_009172.jpg,1 1480 1957 1509 2034 1 1444 1807 1508 2030
Norway_009173.jpg,
Norway_009174.jpg,
Norway_009175.jpg,1 1669 1278 1745 1420 1 1316 1154 1409 1211 1 1447 1537 1702 2024 1 1813 1538 1985 1746 1 1366 1145 1419 1190
Norway_009176.jpg,
Norway_009177.jpg,
Norway_009178.jpg,1 985 1383 1045 1567
Norway_009179.jpg,
Norway_009180.jpg,1 0 1628 611 1906 2 934 1822 1886 1962 2 0 1645 681 1924
Norway_009181.jpg,1 1481 971 1520 1004 1 331 1437 566 1526 2 810 1267 1690 1343 1 1584 1209 1646 1287 1 1248 1313 1328 1373
Norway_009182.jpg,
Norway_009183.jpg,2 1977 1903 2286 1996
Norway_009184.jpg,3 3431 674 3642 895
Norway_009185.jpg,
Norway_009186.jpg,1 0 1399 657 1717 1 0 1501 434 1704
Norway_009187.jpg,1 1423 1581 1558 2030
Norway_009188.jpg,
Norway_009189.jpg,1 96 1756 472 2032 1 458 1498 776 1746
Norway_009190.jpg,1 394 1432 504 1528
Norway_009191.jpg,
Norway_009192.jpg,1 538 1282 899 1480 1 1827 1426 2076 1709 1 1560 1390 1641 1481 1 509 1200 1065 1487 1 1586 1221 1671 1323
Norway_009193.jpg,
Norway_009194.jpg,1 2018 1995 2063 2041 2 3 1774 1023 1860 1 323 1921 435 2039 1 1238 1180 1274 1211 1 1786 1869 1815 1916
Norway_009195.jpg,
Norway_009196.jpg,
Norway_009197.jpg,2 1557 1501 1823 1542 2 777 1463 1160 1496 2 2250 1972 2452 2043 2 1472 1733 1773 1813 4 598 1809 751 1949
Norway_009198.jpg,
Norway_009199.jpg,3 1100 1432 1322 1718 1 725 1554 905 1735 1 895 1549 956 1615 1 3443 840 3650 984 1 466 1711 780 2027
Norway_009200.jpg,
Norway_009201.jpg,1 1173 1205 1266 1269 1 1221 1122 1245 1158 1 913 1298 1197 1755 1 1222 1198 1271 1280 1 1020 1103 1132 1237
Norway_009202.jpg,
Norway_009203.jpg,
Norway_009204.jpg,1 1547 1159 1576 1221
Norway_009205.jpg,
Norway_009206.jpg,
Norway_009207.jpg,1 1195 1360 1305 1522 1 1030 1584 1165 1863 1 1 1526 353 1715 1 544 1500 777 1643 1 974 1578 1162 2017
Norway_009208.jpg,2 615 1327 1288 1389 1 1373 1185 1427 1219 1 1258 1252 1326 1314 1 1445 1134 1519 1161 1 1468 1162 1576 1219
Norway_009209.jpg,
Norway_009210.jpg,
Norway_009211.jpg,
Norway_009212.jpg,1 104 1416 303 1540
Norway_009213.jpg,
Norway_009214.jpg,
Norway_009215.jpg,
Norway_009216.jpg,
Norway_009217.jpg,
Norway_009218.jpg,
Norway_009219.jpg,
Norway_009220.jpg,
Norway_009221.jpg,
Norway_009222.jpg,
Norway_009223.jpg,
Norway_009224.jpg,1 1754 1402 1988 1635 1 1621 1223 1737 1476 1 1751 1403 2147 1930 1 722 1216 916 1325
Norway_009225.jpg,1 0 1522 130 1588
Norway_009226.jpg,
Norway_009227.jpg,
Norway_009228.jpg,
Norway_009229.jpg,
Norway_009230.jpg,
Norway_009231.jpg,
Norway_009232.jpg,1 1330 1145 1474 1215 1 1446 1874 1539 2037 1 334 1479 422 1520 1 0 1464 605 1724 1 289 1348 908 1589
Norway_009233.jpg,
Norway_009234.jpg,1 1367 1223 1474 1373
Norway_009235.jpg,1 0 1263 489 1520
Norway_009236.jpg,
Norway_009237.jpg,
Norway_009238.jpg,1 897 1222 986 1260
Norway_009239.jpg,1 726 1975 763 2035 1 709 1567 1001 1953
Norway_009240.jpg,
Norway_009241.jpg,1 1514 1441 1938 2029
Norway_009242.jpg,
Norway_009243.jpg,2 582 1438 1669 1521
Norway_009244.jpg,
Norway_009245.jpg,4 3160 1814 3207 1835
Norway_009246.jpg,1 1055 1141 1149 1187 1 1479 1807 1557 2043 1 1329 1056 1394 1132 1 1207 1061 1383 1220 1 1707 1974 1743 2041
Norway_009247.jpg,2 1360 1164 1426 1205 2 1116 1375 1370 1403 2 1100 1548 1414 1578 1 1434 1080 1469 1163 1 203 1529 336 1588
Norway_009248.jpg,2 894 1911 1962 1991 1 0 1549 254 1761
Norway_009249.jpg,1 363 1391 974 1914 1 1131 1079 1313 1162 1 492 1839 649 2037 1 1612 1404 1730 1548 1 825 1210 1030 1404
Norway_009250.jpg,
Norway_009251.jpg,
Norway_009252.jpg,1 1216 1442 1259 1510 1 1565 1701 1601 1801 1 797 1072 1198 1296
Norway_009253.jpg,1 1310 1310 1503 1522 1 1837 1551 2006 1696 1 1426 1707 1502 1830 1 1354 1329 1657 1730 1 474 1210 588 1276
Norway_009254.jpg,1 771 1249 809 1293 1 56 1259 601 1496 1 247 1201 701 1426 1 439 1178 723 1342 1 0 1341 400 1535
Norway_009255.jpg,
Norway_009256.jpg,1 1636 1486 2038 2014
Norway_009257.jpg,
Norway_009258.jpg,2 653 1359 1060 1392 2 1486 1348 1793 1388 2 686 1338 1645 1396
Norway_009259.jpg,
Norway_009260.jpg,3 1584 1340 1801 1549 3 1612 1181 1745 1345 1 698 1578 974 1882
Norway_009261.jpg,
Norway_009262.jpg,
Norway_009263.jpg,1 585 1917 708 2037
Norway_009264.jpg,
Norway_009265.jpg,1 1180 1324 1211 1442
Norway_009266.jpg,
Norway_009267.jpg,1 908 1346 1043 1405 1 1338 1623 1483 1819 1 267 1867 356 2040 1 1512 1183 1634 1230 1 1641 1334 1713 1425
Norway_009268.jpg,1 1009 1912 1101 2035
Norway_009269.jpg,
Norway_009270.jpg,
Norway_009271.jpg,
Norway_009272.jpg,4 1376 1358 1440 1382
Norway_009273.jpg,
Norway_009274.jpg,1 1247 1295 1299 1381
Norway_009275.jpg,
Norway_009276.jpg,
Norway_009277.jpg,
Norway_009278.jpg,
Norway_009279.jpg,1 1011 1491 1120 1629
Norway_009280.jpg,4 1043 1265 1105 1305
Norway_009281.jpg,
Norway_009282.jpg,
Norway_009283.jpg,
Norway_009284.jpg,1 917 1190 1149 1273 1 1632 1335 1896 1690 1 1150 1137 1193 1172 1 1478 1285 1565 1414 1 1157 1146 1196 1190
Norway_009285.jpg,1 1920 1779 2126 2035 1 1507 1224 1542 1261
Norway_009286.jpg,
Norway_009287.jpg,1 806 1866 936 2026 1 836 1425 939 1531 2 1055 1846 1288 1895
Norway_009288.jpg,
Norway_009289.jpg,
Norway_009290.jpg,
Norway_009291.jpg,
Norway_009292.jpg,3 1442 1583 2098 2025 1 1231 1174 1428 1280 3 1484 1290 1880 1765 1 31 1965 81 2000 1 203 1829 241 1893
Norway_009293.jpg,
Norway_009294.jpg,
Norway_009295.jpg,
Norway_009296.jpg,1 1579 1468 1970 2035
Norway_009297.jpg,
Norway_009298.jpg,
Norway_009299.jpg,
Norway_009300.jpg,
Norway_009301.jpg,
Norway_009302.jpg,1 827 1137 903 1205 1 1368 1213 1528 1368 1 735 1257 815 1317 1 1286 1384 1318 1485 1 391 1456 461 1500
Norway_009303.jpg,
Norway_009304.jpg,
Norway_009305.jpg,
Norway_009306.jpg,
Norway_009307.jpg,
Norway_009308.jpg,
Norway_009309.jpg,1 1707 1360 1760 1436 1 1474 1366 1566 1462 1 291 1651 523 1773 1 1522 1395 1578 1482 1 1618 1522 1650 1610
Norway_009310.jpg,
Norway_009311.jpg,2 421 1455 1061 1550 3 40 1516 531 1754 1 48 1531 440 1757 2 491 1474 894 1534
Norway_009312.jpg,1 270 1389 531 1537 1 695 1200 935 1326
Norway_009313.jpg,4 1269 1213 1308 1226
Norway_009314.jpg,
Norway_009315.jpg,1 1487 1204 1542 1256 1 136 1495 279 1572 1 318 1853 475 1995
Norway_009316.jpg,
Norway_009317.jpg,
Norway_009318.jpg,1 897 1058 985 1091 1 133 1262 513 1440
Norway_009319.jpg,1 1571 1260 1654 1515
Norway_009320.jpg,1 1309 1322 1427 1597 1 1069 1216 1178 1294 1 1460 1183 1513 1260 1 75 1510 626 1834 1 734 1318 860 1411
Norway_009321.jpg,
Norway_009322.jpg,
Norway_009323.jpg,1 791 1489 971 1689 1 1658 1707 1703 1751 1 507 1474 663 1579 1 578 1514 955 1974 1 1591 1642 1639 1677
Norway_009324.jpg,1 228 1716 521 1981
Norway_009325.jpg,
Norway_009326.jpg,
Norway_009327.jpg,
Norway_009328.jpg,
Norway_009329.jpg,
Norway_009330.jpg,1 1559 1266 1623 1407
Norway_009331.jpg,2 1163 1696 1962 1771 1 140 1501 461 1683
Norway_009332.jpg,
Norway_009333.jpg,
Norway_009334.jpg,
Norway_009335.jpg,1 0 1521 244 1730 1 202 1309 766 1543 1 113 1419 481 1608 1 0 1451 422 1660 1 757 1167 1090 1320
Norway_009336.jpg,
Norway_009337.jpg,1 1220 1805 1252 1867 1 1482 1419 1772 1877
Norway_009338.jpg,
Norway_009339.jpg,
Norway_009340.jpg,1 1559 1496 1761 1589 1 1749 1344 1889 1481 1 546 1744 809 2041 1 1044 1246 1231 1298 1 1645 1263 1685 1342
Norway_009341.jpg,
Norway_009342.jpg,
Norway_009343.jpg,
Norway_009344.jpg,
Norway_009345.jpg,
Norway_009346.jpg,2 740 1421 1725 1488
Norway_009347.jpg,
Norway_009348.jpg,1 799 1236 948 1308 1 712 1204 866 1264
Norway_009349.jpg,
Norway_009350.jpg,1 1405 1198 1453 1239 2 1486 1394 1713 1421 2 1426 1301 1639 1329 1 1458 1369 1540 1454 1 1424 1311 1535 1441
Norway_009351.jpg,
Norway_009352.jpg,
Norway_009353.jpg,1 2009 1429 2223 1762 1 2620 1871 2802 2016 2 729 1960 966 2035 1 1662 1676 1763 1990
Norway_009354.jpg,
Norway_009355.jpg,2 992 1526 1873 1645
Norway_009356.jpg,
Norway_009357.jpg,
Norway_009358.jpg,1 724 1229 798 1302 1 1625 1792 1709 1901 1 1676 1380 1986 1751 1 1054 1407 1110 1507 1 1332 1630 1493 2015
Norway_009359.jpg,1 1970 1807 2024 2001
Norway_009360.jpg,
Norway_009361.jpg,1 1183 1860 1252 2039
Norway_009362.jpg,1 0 1305 421 1513
Norway_009363.jpg,2 608 1434 1698 1516 1 1441 1167 1456 1191 1 1639 1308 1744 1485 2 142 1600 914 1704 1 195 1395 580 1606
Norway_009364.jpg,
Norway_009365.jpg,
Norway_009366.jpg,
Norway_009367.jpg,1 1811 1684 1936 1948
Norway_009368.jpg,
Norway_009369.jpg,1 1714 1371 1867 1585 1 341 1623 764 2032 1 3 1452 320 1627 1 1493 1572 1527 1662 1 1716 1377 1942 1689
Norway_009370.jpg,
Norway_009371.jpg,
Norway_009372.jpg,1 1572 1307 1814 1897
Norway_009373.jpg,3 1468 1160 1549 1391 2 745 1290 1558 1336 1 1431 1251 1462 1280 1 1478 1167 1552 1401 1 1653 1872 1701 2025
Norway_009374.jpg,1 1460 1184 1601 1430 1 1527 1419 1758 1998
Norway_009375.jpg,1 1516 1214 1717 1586
Norway_009376.jpg,1 1706 1259 1789 1445 2 1500 1339 1652 1376 1 1196 1365 1292 1415 1 1287 1119 1430 1216
Norway_009377.jpg,
Norway_009378.jpg,2 2 1731 1035 1837 1 907 1405 971 1462
Norway_009379.jpg,1 2267 1712 2352 1825 1 1516 1031 1544 1102 1 2173 1525 2471 1710
Norway_009380.jpg,4 882 1435 910 1450 1 754 1637 839 1705 1 606 1891 651 1989 1 649 1953 680 2026 1 590 1880 627 1955
Norway_009381.jpg,
Norway_009382.jpg,2 3721 1898 4040 2013
Norway_009383.jpg,1 1413 1148 1438 1174 1 1399 1088 1430 1129 1 1194 1236 1223 1263 1 1412 1486 1534 2037 1 1416 1201 1449 1255
Norway_009384.jpg,
Norway_009385.jpg,
Norway_009386.jpg,1 810 1545 976 1730 1 605 1662 803 1834 1 594 1818 748 2029
Norway_009387.jpg,
Norway_009388.jpg,1 722 1308 876 1429
Norway_009389.jpg,
Norway_009390.jpg,1 0 1354 489 1560 1 672 1400 806 1559 1 8 1554 177 1678
Norway_009391.jpg,
Norway_009392.jpg,1 1483 1199 1562 1448
Norway_009393.jpg,
Norway_009394.jpg,
Norway_009395.jpg,
Norway_009396.jpg,
Norway_009397.jpg,
Norway_009398.jpg,4 372 1899 410 1921
Norway_009399.jpg,4 2617 1401 2699 1429 4 2305 1437 2406 1466 4 797 1495 853 1522
Norway_009400.jpg,
Norway_009401.jpg,1 1470 1154 1511 1199 1 1566 1550 1610 1671 1 889 1426 964 1494 1 1625 1508 1651 1559 1 1549 1592 1613 1699
Norway_009402.jpg,
Norway_009403.jpg,
Norway_009404.jpg,
Norway_009405.jpg,
Norway_009406.jpg,
Norway_009407.jpg,1 274 1405 561 1538
Norway_009408.jpg,1 4 1471 365 1663 1 584 1419 1074 1925 1 332 1855 553 2031
Norway_009409.jpg,
Norway_009410.jpg,
Norway_009411.jpg,1 1426 1218 1454 1246 1 1484 1242 1521 1274 2 632 1529 865 1560 1 139 1452 527 1646 1 186 1742 558 2031
Norway_009412.jpg,1 1384 1161 1428 1227 1 1161 1356 1231 1484 1 1097 1264 1187 1352 1 862 1307 1013 1423 1 1524 1275 1649 1572
Norway_009413.jpg,
Norway_009414.jpg,1 0 1486 232 1619
Norway_009415.jpg,
Norway_009416.jpg,
Norway_009417.jpg,1 725 1547 828 1650 1 228 1867 380 2016
Norway_009418.jpg,1 1031 1187 1216 1419 1 1149 1176 1198 1234 1 1111 1186 1204 1282 1 966 1236 1214 1531 1 1079 1206 1212 1323
Norway_009419.jpg,4 1310 1360 1359 1386
Norway_009420.jpg,1 1526 1445 1559 1504 1 1425 1673 1467 1738 1 258 1593 420 1653 1 362 1404 587 1515 1 1006 1144 1049 1190
Norway_009421.jpg,
Norway_009422.jpg,
Norway_009423.jpg,1 1365 1121 1408 1160 1 1444 1258 1480 1318
Norway_009424.jpg,1 1189 1262 1235 1307 1 1169 1800 1214 1867 2 965 1359 1263 1398 1 1360 1170 1393 1197 1 1402 1252 1426 1293
Norway_009425.jpg,1 1461 1160 1553 1355 2 1216 1486 1529 1535 1 1886 1748 2053 1989 3 1459 1168 1554 1355 1 1290 1171 1336 1231
Norway_009426.jpg,1 614 1350 683 1386 1 1241 1153 1318 1228 1 1158 1146 1241 1186 1 1655 1805 1731 2038
Norway_009427.jpg,
Norway_009428.jpg,
Norway_009429.jpg,1 539 1263 963 1547
Norway_009430.jpg,
Norway_009431.jpg,
Norway_009432.jpg,
Norway_009433.jpg,1 1680 1685 1733 1769 1 1581 1171 1716 1295 1 1501 1314 1591 1502
Norway_009434.jpg,1 1626 1260 1736 1573 1 1600 1753 1710 2035
Norway_009435.jpg,1 0 1602 355 1861
Norway_009436.jpg,
Norway_009437.jpg,
Norway_009438.jpg,1 1498 1754 1555 1967
Norway_009439.jpg,1 1199 1147 1353 1453 1 836 1191 934 1268 1 1078 1071 1122 1133 1 1319 1364 1442 2003 1 588 1680 826 1970
Norway_009440.jpg,
Norway_009441.jpg,1 1061 1084 1104 1109 1 25 1183 554 1486
Norway_009442.jpg,1 1208 1727 1243 1791 1 1824 1744 1971 1937 1 1133 1724 1242 2030
Norway_009443.jpg,1 1278 1210 1312 1244 1 0 1606 52 1684 1 163 1457 387 1563 2 723 1364 1593 1411 1 64 1566 209 1636
Norway_009444.jpg,
Norway_009445.jpg,
Norway_009446.jpg,
Norway_009447.jpg,1 1654 1267 1808 1490 1 671 1918 734 2021 1 348 1365 641 1504 1 0 1529 236 1686 1 1700 1521 1773 1627
Norway_009448.jpg,
Norway_009449.jpg,1 0 1708 339 1986
Norway_009450.jpg,
Norway_009451.jpg,
Norway_009452.jpg,
Norway_009453.jpg,
Norway_009454.jpg,
Norway_009455.jpg,1 271 1376 497 1471 1 8 1464 280 1584 1 1511 1332 1610 1525 1 1567 1676 1699 2021
Norway_009456.jpg,1 1095 1274 1124 1313 1 1013 1432 1122 1991
Norway_009457.jpg,
Norway_009458.jpg,
Norway_009459.jpg,1 1696 1555 2055 2018
Norway_009460.jpg,1 1715 1375 2092 1866
Norway_009461.jpg,
Norway_009462.jpg,
Norway_009463.jpg,
Norway_009464.jpg,2 192 1724 1154 1789 4 1255 1224 1305 1260
Norway_009465.jpg,1 1356 1100 1406 1138 1 1217 1201 1272 1255 1 1497 1107 1525 1133 1 1288 1139 1342 1185 1 1602 1654 1702 1807
Norway_009466.jpg,
Norway_009467.jpg,
Norway_009468.jpg,
Norway_009469.jpg,1 1480 1190 1569 1407
Norway_009470.jpg,2 405 1445 696 1486 1 1177 1140 1307 1194
Norway_009471.jpg,1 795 1530 944 1677 1 624 1750 702 1836 1 366 1419 875 1761 1 1387 1150 1466 1244 1 510 1302 848 1445
Norway_009472.jpg,
Norway_009473.jpg,1 909 1114 1106 1222 1 0 1368 613 1675 1 662 1104 1104 1341 1 241 1175 964 1523 1 2116 1637 2484 2035
Norway_009474.jpg,2 735 1532 1737 1602 1 1686 1429 1776 1628 1 1763 1885 1843 2039
Norway_009475.jpg,
Norway_009476.jpg,
Norway_009477.jpg,1 1183 1095 1207 1124 1 1139 1152 1189 1204
Norway_009478.jpg,2 874 1644 1574 1732 2 6 1673 567 1749
Norway_009479.jpg,
Norway_009480.jpg,
Norway_009481.jpg,1 1432 1203 1545 1428
Norway_009482.jpg,
Norway_009483.jpg,
Norway_009484.jpg,2 767 1432 1901 1505 1 1229 1157 1350 1298 1 1629 1740 1681 1827 1 1515 1198 1574 1322 1 1664 1938 1706 2034
Norway_009485.jpg,
Norway_009486.jpg,1 1412 1091 1468 1147 3 1519 1498 1859 2028
Norway_009487.jpg,1 322 1379 551 1504
Norway_009488.jpg,
Norway_009489.jpg,
Norway_009490.jpg,
Norway_009491.jpg,
Norway_009492.jpg,1 1334 1140 1362 1202 1 173 1425 736 1780 1 804 1258 1054 1428
Norway_009493.jpg,
Norway_009494.jpg,1 1371 1260 1709 1884 1 351 1267 818 1518 1 1509 1434 1753 2019 3 1368 1235 1660 1813 1 91 1268 870 1608
Norway_009495.jpg,
Norway_009496.jpg,
Norway_009497.jpg,
Norway_009498.jpg,
Norway_009499.jpg,
Norway_009500.jpg,
Norway_009501.jpg,1 469 1388 1004 1923 1 287 1472 862 2012
Norway_009502.jpg,
Norway_009503.jpg,
Norway_009504.jpg,
Norway_009505.jpg,
Norway_009506.jpg,1 1323 1369 1434 1540 1 1169 1215 1202 1304 2 1486 1562 1755 1614 2 0 1967 429 2014 1 704 1221 896 1323
Norway_009507.jpg,1 970 1627 1097 1897
Norway_009508.jpg,1 955 1608 1083 1721 2 0 1769 836 1861 1 1227 1224 1288 1308 1 1014 1315 1174 1490 1 1470 1408 1559 1583
Norway_009509.jpg,1 1457 1149 1480 1169 1 1584 1565 1630 1619 1 1492 1883 1553 2038 1 1739 1705 1782 1773 1 1468 1449 1521 1567
Norway_009510.jpg,
Norway_009511.jpg,1 973 1314 1276 1500 2 974 1443 1639 1516 3 1559 1214 1732 1409
Norway_009512.jpg,
Norway_009513.jpg,1 1852 1674 2029 1772 2 1612 1971 2017 2043 1 1836 1570 2028 1771 1 1930 1781 2055 1996
Norway_009514.jpg,
Norway_009515.jpg,1 814 1448 1029 1690 1 559 1330 810 1475 1 599 1479 710 1572 1 1231 1183 1281 1219 1 1073 1263 1190 1392
Norway_009516.jpg,2 10 1669 227 1695
Norway_009517.jpg,1 1619 1510 2013 2035
Norway_009518.jpg,4 1062 1709 1097 1748
Norway_009519.jpg,
Norway_009520.jpg,
Norway_009521.jpg,
Norway_009522.jpg,1 1445 1115 1503 1146 2 1446 1115 1510 1146 1 1723 1962 1778 2038 1 1689 1927 1729 1985 1 1590 1987 1615 2042
Norway_009523.jpg,1 1627 1505 1710 1626 1 1539 1284 1607 1414
Norway_009524.jpg,
Norway_009525.jpg,1 1108 1935 1149 2026
Norway_009526.jpg,
Norway_009527.jpg,
Norway_009528.jpg,1 1496 1587 1568 1671 1 1441 1926 1524 2037 1 1406 1336 1490 1572 1 1443 1652 1629 1935
Norway_009529.jpg,1 139 1543 466 1755 2 1210 1395 1623 1467 2 1206 1426 1627 1545 1 1878 1525 1973 1633 1 1303 1144 1333 1182
Norway_009530.jpg,1 1575 1905 1668 2040 1 1449 1732 1630 2011 1 1460 1168 1518 1383
Norway_009531.jpg,4 1111 1632 1206 1662 1 1489 1325 1550 1357 1 1210 1181 1254 1218
Norway_009532.jpg,
Norway_009533.jpg,
Norway_009534.jpg,
Norway_009535.jpg,
Norway_009536.jpg,
Norway_009537.jpg,
Norway_009538.jpg,
Norway_009539.jpg,1 725 1332 870 1408 1 587 1384 778 1506 1 1517 1829 1572 2021 1 5 1578 376 1795 1 382 1387 763 1567
Norway_009540.jpg,
Norway_009541.jpg,
Norway_009542.jpg,1 1839 1922 1944 2041 1 1585 1397 1941 1962 1 1513 1158 1765 1686
Norway_009543.jpg,
Norway_009544.jpg,
Norway_009545.jpg,
Norway_009546.jpg,1 1795 1747 2015 2026
Norway_009547.jpg,1 11 1636 468 2018 1 1077 1118 1117 1167 1 1043 1255 1097 1297 2 1216 1879 1416 1921 1 1180 1654 1306 2021
Norway_009548.jpg,1 1510 1079 1587 1121 1 1361 1114 1416 1202 1 1317 1236 1415 1326 1 1481 1198 1651 1591 1 1362 1407 1571 2018
Norway_009549.jpg,1 276 1602 420 1684 1 482 1567 658 1688
Norway_009550.jpg,1 829 1541 886 1599
Norway_009551.jpg,1 524 1251 802 1389
Norway_009552.jpg,
Norway_009553.jpg,1 1360 1234 1490 1405
Norway_009554.jpg,
Norway_009555.jpg,
Norway_009556.jpg,
Norway_009557.jpg,
Norway_009558.jpg,
Norway_009559.jpg,
Norway_009560.jpg,
Norway_009561.jpg,1 1606 1292 1704 1425 1 1591 1262 1656 1385 1 1467 1271 1484 1322 1 1491 1118 1517 1168 1 1542 1183 1578 1278
Norway_009562.jpg,1 985 1155 1138 1229
Norway_009563.jpg,
Norway_009564.jpg,
Norway_009565.jpg,
Norway_009566.jpg,1 968 1498 1018 1563 1 874 1569 1073 1752 1 1703 1474 2020 2041 1 4 1446 276 1621 1 748 1764 935 2022
Norway_009567.jpg,1 1955 1459 2332 1773 1 1312 1111 1489 1226 1 884 1129 1303 1307
Norway_009568.jpg,1 1728 1705 1815 1838 1 1755 1372 1829 1430 1 1892 1980 1924 2041 1 1833 1505 1969 1622 1 1827 1510 2041 1713
Norway_009569.jpg,1 595 1251 863 1411
Norway_009570.jpg,
Norway_009571.jpg,
Norway_009572.jpg,
Norway_009573.jpg,
Norway_009574.jpg,1 663 1355 1164 1874 1 423 1497 1010 2020
Norway_009575.jpg,1 595 1260 846 1374 1 478 1258 847 1433
Norway_009576.jpg,1 1722 1602 1857 1691 1 853 1708 1021 2013 1 1401 1287 1506 1524 1 1440 1201 1655 1399
Norway_009577.jpg,
Norway_009578.jpg,
Norway_009579.jpg,
Norway_009580.jpg,
Norway_009581.jpg,2 927 1389 1661 1441
Norway_009582.jpg,
Norway_009583.jpg,
Norway_009584.jpg,1 1480 1817 1522 1933 1 1435 1302 1452 1335 1 1464 1110 1488 1185 1 1422 1713 1486 1819 1 1448 1188 1517 1279
Norway_009585.jpg,1 59 1357 689 1658 1 498 1253 952 1485
Norway_009586.jpg,
Norway_009587.jpg,
Norway_009588.jpg,
Norway_009589.jpg,2 1261 1702 1436 1772 1 1567 1280 1658 1489
Norway_009590.jpg,
Norway_009591.jpg,4 1276 1152 1309 1178
Norway_009592.jpg,
Norway_009593.jpg,4 1405 1855 1609 2013 3 1 1573 337 1853 3 339 1413 616 1588 1 1045 1356 1084 1438
Norway_009594.jpg,1 1770 1616 1981 2005 1 1612 1200 1706 1397
Norway_009595.jpg,
Norway_009596.jpg,1 0 1641 605 2032 1 1742 1208 1775 1272 1 1835 1282 1907 1553
Norway_009597.jpg,1 1367 1110 1388 1136
Norway_009598.jpg,1 4 1489 619 1972 2 388 1598 1567 1683 1 1204 1145 1295 1261 1 6 1441 308 1680 2 0 1895 374 2039
Norway_009599.jpg,
Norway_009600.jpg,
Norway_009601.jpg,
Norway_009602.jpg,
Norway_009603.jpg,
Norway_009604.jpg,1 1619 1210 1694 1337
Norway_009605.jpg,
Norway_009606.jpg,1 831 1163 1043 1264
Norway_009607.jpg,1 1191 1230 1313 1372 1 1465 1096 1500 1147 1 1424 1116 1569 1274 1 1154 1390 1206 1499 1 1143 1221 1308 1487
Norway_009608.jpg,
Norway_009609.jpg,
Norway_009610.jpg,
Norway_009611.jpg,
Norway_009612.jpg,
Norway_009613.jpg,
Norway_009614.jpg,
Norway_009615.jpg,1 1392 1385 1491 1849 1 1281 1158 1326 1191 1 1094 1240 1230 1323 1 1448 1154 1479 1221 2 1273 1339 1406 1416
Norway_009616.jpg,1 3531 1867 3638 1979
Norway_009617.jpg,1 7 1511 287 1644 1 0 1578 120 1665 1 226 1426 492 1546 1 120 1471 392 1588 1 297 1407 540 1517
Norway_009618.jpg,
Norway_009619.jpg,
Norway_009620.jpg,
Norway_009621.jpg,
Norway_009622.jpg,
Norway_009623.jpg,
Norway_009624.jpg,2 1181 1835 1496 1926
Norway_009625.jpg,2 655 1495 852 1522 1 446 1987 479 2039 2 516 1573 774 1732 2 567 1977 1001 2044 2 1216 1605 1517 1765
Norway_009626.jpg,
Norway_009627.jpg,
Norway_009628.jpg,1 139 1558 441 1796 1 9 1573 426 1922 1 408 1457 629 1615 1 506 1367 684 1469 1 66 1467 607 1819
Norway_009629.jpg,
Norway_009630.jpg,
Norway_009631.jpg,
Norway_009632.jpg,1 233 1472 441 1547
Norway_009633.jpg,
Norway_009634.jpg,
Norway_009635.jpg,
Norway_009636.jpg,
Norway_009637.jpg,
Norway_009638.jpg,
Norway_009639.jpg,
Norway_009640.jpg,4 1099 1845 1176 1920 1 299 1887 421 2017
Norway_009641.jpg,1 1337 1937 1384 2020 1 1243 1304 1305 1367 1 1389 1136 1447 1209 1 243 1449 449 1559 1 671 1146 1212 1374
Norway_009642.jpg,4 588 1516 654 1541 1 1075 1218 1116 1251 1 528 1788 786 2033 1 873 1246 1017 1317
Norway_009643.jpg,4 3292 1366 3429 1413 1 2803 1795 2998 2025
Norway_009644.jpg,
Norway_009645.jpg,
Norway_009646.jpg,1 216 1385 471 1506
Norway_009647.jpg,
Norway_009648.jpg,
Norway_009649.jpg,1 1535 1445 1578 1543 1 1389 1417 1436 1468 1 1501 1249 1571 1358 1 1615 1879 1694 2039 1 1702 1703 1816 1990
Norway_009650.jpg,1 1473 1416 1852 2031
Norway_009651.jpg,1 1491 1177 1521 1211 1 1519 1174 1553 1217 1 1347 1201 1402 1259 1 1546 1184 1616 1289
Norway_009652.jpg,2 670 1581 1817 1685 2 966 1244 1598 1308
Norway_009653.jpg,1 13 1339 678 1663 1 522 1192 1037 1415
Norway_009654.jpg,
Norway_009655.jpg,
Norway_009656.jpg,1 1447 1852 1517 2032 1 735 1150 810 1186 1 1200 1701 1279 1923
Norway_009657.jpg,
Norway_009658.jpg,
Norway_009659.jpg,
Norway_009660.jpg,1 1395 1088 1542 1158 1 1059 1123 1504 1255 1 1771 1500 1843 1678 1 986 1439 1217 1957 1 1815 1053 1899 1103
Norway_009661.jpg,1 1583 1319 1674 1413 1 1350 1907 1411 2024 1 1311 1817 1394 2031
Norway_009662.jpg,
Norway_009663.jpg,
Norway_009664.jpg,1 957 1543 1018 1596
Norway_009665.jpg,
Norway_009666.jpg,1 1395 1725 1481 2012 2 395 1970 746 2011 1 417 1887 550 1987 2 1072 1365 1558 1413 1 1495 1138 1582 1281
Norway_009667.jpg,
Norway_009668.jpg,1 1459 1126 1485 1165 1 1671 1520 1746 1742
Norway_009669.jpg,1 1272 1127 1338 1206
Norway_009670.jpg,3 1452 1232 1525 1338 1 1820 1483 2207 1908 1 1471 1264 1582 1478 1 1968 1650 2239 1963 3 1457 1239 1576 1462
Norway_009671.jpg,1 1091 1255 1133 1411 1 1206 1158 1258 1381
Norway_009672.jpg,
Norway_009673.jpg,1 1480 1203 1525 1280
Norway_009674.jpg,
Norway_009675.jpg,
Norway_009676.jpg,
Norway_009677.jpg,
Norway_009678.jpg,2 194 1859 1199 1976
Norway_009679.jpg,2 163 1728 1018 1841
Norway_009680.jpg,
Norway_009681.jpg,4 1508 1748 1552 1772 4 1463 1613 1509 1637
Norway_009682.jpg,
Norway_009683.jpg,
Norway_009684.jpg,1 1411 1163 1466 1246 2 983 1909 2038 1985 1 795 1532 950 1667 1 1186 1183 1258 1236 1 977 1316 1167 1506
Norway_009685.jpg,1 394 1234 588 1342 4 1402 1555 1495 1601
Norway_009686.jpg,4 1829 1594 1905 1627
Norway_009687.jpg,
Norway_009688.jpg,
Norway_009689.jpg,1 0 1502 292 1718 2 761 1334 1499 1400 1 547 1222 927 1390 1 258 1288 879 1676 1 1413 1096 1471 1147
Norway_009690.jpg,
Norway_009691.jpg,
Norway_009692.jpg,
Norway_009693.jpg,
Norway_009694.jpg,
Norway_009695.jpg,4 1261 1575 1380 1644 2 469 1653 1305 1824
Norway_009696.jpg,
Norway_009697.jpg,1 1121 1379 1163 1428 2 451 1443 1307 1530 1 1203 1663 1247 1729 1 1194 1490 1255 1720
Norway_009698.jpg,
Norway_009699.jpg,
Norway_009700.jpg,
Norway_009701.jpg,2 626 1362 964 1397 1 1481 1725 1524 1862 1 887 1469 920 1505 1 1142 1683 1200 1824 1 582 1571 784 1800
Norway_009702.jpg,
Norway_009703.jpg,
Norway_009704.jpg,
Norway_009705.jpg,1 1508 1452 1969 2035 1 1381 1266 1829 1883
Norway_009706.jpg,
Norway_009707.jpg,2 1128 1541 1422 1583
Norway_009708.jpg,
Norway_009709.jpg,
Norway_009710.jpg,
Norway_009711.jpg,2 1023 1287 1661 1342 1 1427 1132 1458 1172 1 1101 1205 1307 1282
Norway_009712.jpg,2 2 1890 207 1935 1 510 1293 707 1406 1 1387 1169 1445 1219 1 1522 1490 1724 1851
Norway_009713.jpg,
Norway_009714.jpg,
Norway_009715.jpg,
Norway_009716.jpg,
Norway_009717.jpg,
Norway_009718.jpg,
Norway_009719.jpg,
Norway_009720.jpg,
Norway_009721.jpg,
Norway_009722.jpg,
Norway_009723.jpg,1 177 1389 343 1468
Norway_009724.jpg,
Norway_009725.jpg,1 748 1603 830 1767 1 2647 1924 2935 2040 1 580 1684 738 1829 1 339 1951 438 2035 1 592 1449 805 1828
Norway_009726.jpg,1 4 1389 316 1608
Norway_009727.jpg,
Norway_009728.jpg,2 249 1443 1072 1490 1 933 1387 1007 1461 1 1089 1218 1172 1296
Norway_009729.jpg,
Norway_009730.jpg,1 1570 1365 1941 1988
Norway_009731.jpg,
Norway_009732.jpg,1 1498 1391 1526 1455 2 23 1693 597 1782 2 1485 1278 1611 1440 2 982 1531 1808 1573 1 1484 1279 1609 1429
Norway_009733.jpg,
Norway_009734.jpg,
Norway_009735.jpg,1 992 1191 1140 1280
Norway_009736.jpg,
Norway_009737.jpg,1 1259 1141 1305 1167 1 1464 1232 1496 1283 1 412 1570 544 1655 1 445 1442 681 1564 1 140 1656 523 1876
Norway_009738.jpg,1 1497 1530 1547 1758 1 1629 1419 1684 1504 1 1585 1482 1656 1736
Norway_009739.jpg,
Norway_009740.jpg,1 288 1992 349 2035
Norway_009741.jpg,1 843 1255 880 1302 1 1249 1058 1275 1094 1 1106 1084 1198 1161 1 13 1416 526 1688 1 508 1297 782 1445
Norway_009742.jpg,
Norway_009743.jpg,
Norway_009744.jpg,
Norway_009745.jpg,1 1284 1376 1372 1574
Norway_009746.jpg,1 1182 1278 1214 1358 1 1142 1413 1263 1795
Norway_009747.jpg,1 1531 1114 1543 1139 1 298 1374 679 1557 1 1264 1138 1315 1161 1 1910 1605 2316 2014 1 374 1300 947 1511
Norway_009748.jpg,
Norway_009749.jpg,
Norway_009750.jpg,
Norway_009751.jpg,
Norway_009752.jpg,1 1726 1294 2200 1721 1 2161 1751 2438 2035
Norway_009753.jpg,
Norway_009754.jpg,1 1267 1139 1599 1716 1 1369 1319 1743 1961
Norway_009755.jpg,3 247 1400 610 1590 1 348 1817 552 2036 3 565 1740 737 1895 2 17 1767 752 1856 3 361 1824 551 2036
Norway_009756.jpg,1 1094 1168 1137 1361 1 962 1849 1029 1939
Norway_009757.jpg,1 303 1460 522 1578 1 1196 1101 1247 1174 1 1152 1613 1269 1718 1 17 1785 159 1864 2 676 1693 1793 1772
Norway_009758.jpg,
Norway_009759.jpg,
Norway_009760.jpg,4 597 1200 658 1222
Norway_009761.jpg,
Norway_009762.jpg,
Norway_009763.jpg,1 701 1072 865 1154 1 1088 1064 1152 1142
Norway_009764.jpg,1 597 1529 646 1598 1 727 1076 979 1458
Norway_009765.jpg,
Norway_009766.jpg,
Norway_009767.jpg,
Norway_009768.jpg,
Norway_009769.jpg,1 1014 1304 1150 1445
Norway_009770.jpg,
Norway_009771.jpg,
Norway_009772.jpg,1 222 1500 599 1679 1 12 1540 470 1793
Norway_009773.jpg,1 523 1564 679 1657 1 895 1425 967 1507
Norway_009774.jpg,
Norway_009775.jpg,1 860 1207 1191 1421 1 856 1290 1217 1544 1 1576 1129 1653 1285 2 1410 1515 1701 1603 2 1639 1494 1767 1539
Norway_009776.jpg,1 957 1202 998 1236 1 795 1255 943 1389 1 971 1167 1100 1238 1 1017 1111 1106 1162 1 1367 1374 1438 1626
Norway_009777.jpg,
Norway_009778.jpg,1 7 1867 128 1928 1 1619 1763 1651 1810 1 877 1384 965 1474 1 817 1241 1079 1362 1 501 1365 684 1461
Norway_009779.jpg,
Norway_009780.jpg,
Norway_009781.jpg,
Norway_009782.jpg,1 325 1349 351 1394 3 655 1077 920 1219
Norway_009783.jpg,1 294 1488 899 2002 1 866 1222 1253 1522 1 1655 1237 1734 1337
Norway_009784.jpg,
Norway_009785.jpg,4 3315 1875 3502 1955 4 3473 1945 3643 2032
Norway_009786.jpg,4 872 1631 929 1664 1 1082 1123 1286 1228 4 954 1561 1006 1587
Norway_009787.jpg,1 1326 1172 1398 1226 1 1066 1410 1217 1562 1 904 1575 981 1645 1 873 1953 927 2034 1 1082 1199 1223 1240
Norway_009788.jpg,1 357 1742 688 2012 1 912 1408 1143 1597 1 998 1888 1117 2040
Norway_009789.jpg,
Norway_009790.jpg,
Norway_009791.jpg,
Norway_009792.jpg,1 459 1371 634 1497
Norway_009793.jpg,
Norway_009794.jpg,1 1228 1223 1356 1294
Norway_009795.jpg,2 275 1505 1070 1589 1 943 1348 1007 1403
Norway_009796.jpg,
Norway_009797.jpg,
Norway_009798.jpg,
Norway_009799.jpg,
Norway_009800.jpg,4 856 1449 934 1494 1 15 1437 498 1647 1 462 1466 612 1563 1 1110 1418 1362 2041 1 432 1275 961 1523
Norway_009801.jpg,1 1430 1282 1527 1462 2 482 1603 1420 1709 1 1607 1764 1726 1978 1 1440 1195 1556 1446 1 1665 1897 1721 2037
Norway_009802.jpg,
Norway_009803.jpg,
Norway_009804.jpg,
Norway_009805.jpg,1 1451 1368 1490 1521 1 1035 1203 1124 1284
Norway_009806.jpg,
Norway_009807.jpg,
Norway_009808.jpg,
Norway_009809.jpg,1 639 1170 683 1186
Norway_009810.jpg,1 1495 1422 1630 1601 1 1334 1212 1451 1327 1 1320 1342 1492 1578 2 458 1391 1300 1588 2 1047 1356 1360 1478
Norway_009811.jpg,
Norway_009812.jpg,1 495 1721 557 1766 1 840 1628 907 1791 1 514 1977 552 2036 1 722 1323 973 1520 1 783 1425 900 1522
Norway_009813.jpg,1 2058 1861 2113 1933 1 6 1578 203 1858
Norway_009814.jpg,
Norway_009815.jpg,
Norway_009816.jpg,
Norway_009817.jpg,
Norway_009818.jpg,1 1645 1446 2056 2018
Norway_009819.jpg,
Norway_009820.jpg,
Norway_009821.jpg,
Norway_009822.jpg,1 630 1559 820 1744
Norway_009823.jpg,1 1063 1086 1093 1120 1 756 1142 1014 1285
Norway_009824.jpg,2 23 1649 969 1737 1 979 1575 1079 1655 1 647 1615 964 1904 2 931 1673 1901 1750 1 882 1423 1148 1606
Norway_009825.jpg,
Norway_009826.jpg,1 1569 1552 1634 1709 1 1552 1716 1651 1854
Norway_009827.jpg,
Norway_009828.jpg,4 1157 1199 1199 1222 4 1499 1263 1569 1298 1 816 1392 919 1460 1 1142 1835 1217 1999 1 0 1569 137 1669
Norway_009829.jpg,1 1630 1510 1707 1737 1 1658 1785 1762 2033 1 1621 1496 1743 2010 1 1530 1211 1600 1536
Norway_009830.jpg,
Norway_009831.jpg,1 1481 1209 1511 1265
Norway_009832.jpg,2 518 1610 762 1758 1 2160 1528 2634 1722 1 307 1555 506 1685 1 1319 1264 1385 1391 2 2147 1522 2651 1725
Norway_009833.jpg,
Norway_009834.jpg,1 370 1580 598 1750 1 3318 692 3642 772
Norway_009835.jpg,
Norway_009836.jpg,
Norway_009837.jpg,
Norway_009838.jpg,
Norway_009839.jpg,3 1411 1304 1565 1377
Norway_009840.jpg,
Norway_009841.jpg,
Norway_009842.jpg,1 0 1440 498 1712 1 1702 1437 1744 1530 1 1487 1117 1517 1157 1 67 1393 649 1645 1 1683 1426 1755 1642
Norway_009843.jpg,1 749 1222 962 1336
Norway_009844.jpg,
Norway_009845.jpg,1 190 1433 867 1923 1 3 1478 248 1642 1 106 1897 301 2033
Norway_009846.jpg,
Norway_009847.jpg,
Norway_009848.jpg,
Norway_009849.jpg,
Norway_009850.jpg,1 403 1389 642 1506
Norway_009851.jpg,1 1553 1305 1578 1341 1 1734 1552 1785 1674 1 1632 1383 1688 1568 1 1551 1162 1607 1288 1 1725 1673 1864 1995
Norway_009852.jpg,
Norway_009853.jpg,
Norway_009854.jpg,
Norway_009855.jpg,1 1211 1072 1230 1100 1 123 1503 221 1537 1 1335 1337 1388 1469
Norway_009856.jpg,
Norway_009857.jpg,2 1179 1567 1514 1667 2 1071 1774 1481 1883
Norway_009858.jpg,
Norway_009859.jpg,
Norway_009860.jpg,1 1374 1205 1397 1240
Norway_009861.jpg,
Norway_009862.jpg,
Norway_009863.jpg,
Norway_009864.jpg,
Norway_009865.jpg,
Norway_009866.jpg,2 301 1485 615 1523 1 518 1309 688 1381
Norway_009867.jpg,
Norway_009868.jpg,
Norway_009869.jpg,2 808 1529 1299 1568 1 965 1120 1406 1456 1 729 1556 869 1673
Norway_009870.jpg,
Norway_009871.jpg,
Norway_009872.jpg,
Norway_009873.jpg,1 1381 1709 1443 1849 1 787 1427 999 1627 1 437 1645 828 2030 1 1547 1375 1610 1457 1 668 1344 854 1453
Norway_009874.jpg,
Norway_009875.jpg,
Norway_009876.jpg,1 1240 1150 1327 1192 2 277 1466 1024 1542 1 18 1508 533 1773 1 1630 1378 1707 1492 1 1721 1933 1832 2035
Norway_009877.jpg,
Norway_009878.jpg,2 1367 1528 1510 1597
Norway_009879.jpg,1 384 1291 1017 1743 1 985 1181 1159 1328 1 1229 1078 1283 1133 1 778 1194 1145 1442 1 1121 1096 1183 1133
Norway_009880.jpg,1 1432 1113 1473 1183
Norway_009881.jpg,
Norway_009882.jpg,
Norway_009883.jpg,1 918 1212 1056 1288 1 998 1181 1222 1404 1 76 1544 697 1918 1 1499 1339 1699 1889 1 1091 1113 1360 1277
Norway_009884.jpg,1 188 1344 648 1555 1 0 1341 677 1657
Norway_009885.jpg,
Norway_009886.jpg,
Norway_009887.jpg,3 1336 1226 1453 1281 3 1676 1287 1746 1352 1 1138 1282 1214 1316 1 1361 1276 1540 1468 1 1934 1381 1965 1440
Norway_009888.jpg,2 1084 1401 1858 1445
Norway_009889.jpg,
Norway_009890.jpg,1 1225 1139 1290 1181 1 1593 1081 1644 1127 1 1583 1065 1662 1119 1 1598 1101 1631 1129 1 1722 1388 1855 1559
Norway_009891.jpg,
Norway_009892.jpg,1 1458 1672 1662 1962
Norway_009893.jpg,
Norway_009894.jpg,
Norway_009895.jpg,1 1260 1393 1402 1714 1 1200 1611 1324 2034 1 1065 1739 1224 2034 1 431 1473 944 1997 1 1369 1234 1437 1398
Norway_009896.jpg,
Norway_009897.jpg,1 131 1295 861 1659
Norway_009898.jpg,
Norway_009899.jpg,
Norway_009900.jpg,
Norway_009901.jpg,
Norway_009902.jpg,1 850 1118 935 1197
Norway_009903.jpg,1 1820 1703 2070 1812
Norway_009904.jpg,
Norway_009905.jpg,1 458 1395 795 1625 1 1430 1135 1547 1226 1 1263 1138 1534 1303 2 4 1883 143 1946 1 15 1532 530 1884
Norway_009906.jpg,2 34 1637 962 1709 1 759 1566 1064 1995 1 879 1577 1043 1832
Norway_009907.jpg,2 1257 1207 1399 1298 1 1088 1318 1249 1486 1 1615 1197 1783 1393 1 1984 1436 2075 1514 2 1153 1513 1826 1588
Norway_009908.jpg,1 258 1554 787 2011 1 1489 1276 1688 1680
Norway_009909.jpg,
Norway_009910.jpg,
Norway_009911.jpg,1 1 1557 206 1720 1 317 1316 884 1669 1 215 1442 424 1592 1 2 1476 296 1710 1 640 1259 942 1487
Norway_009912.jpg,
Norway_009913.jpg,4 1680 1250 1732 1276 1 1605 1198 1692 1276 1 1575 1171 1684 1262 1 1456 1595 1519 1785 2 663 1546 1811 1623
Norway_009914.jpg,
Norway_009915.jpg,
Norway_009916.jpg,2 702 1512 1187 1586
Norway_009917.jpg,1 1238 1114 1359 1212 1 1513 1289 1578 1358 1 775 1468 986 1682 2 1383 1502 1568 1583 1 1004 1239 1212 1446
Norway_009918.jpg,
Norway_009919.jpg,
Norway_009920.jpg,
Norway_009921.jpg,
Norway_009922.jpg,1 126 1535 695 1988
Norway_009923.jpg,
Norway_009924.jpg,1 1416 1139 1468 1170
Norway_009925.jpg,1 853 1119 903 1180 4 1001 1305 1036 1341 2 251 1460 490 1497 1 1193 1292 1261 1414 1 1494 1759 1587 1888
Norway_009926.jpg,
Norway_009927.jpg,1 522 1689 691 1881
Norway_009928.jpg,
Norway_009929.jpg,1 1761 1815 1825 2018 1 1653 1598 1753 1780 4 1591 1546 1635 1579
Norway_009930.jpg,1 991 1249 1083 1317 1 437 1231 905 1458 1 798 1331 964 1457
Norway_009931.jpg,1 1473 1367 1630 1597
Norway_009932.jpg,1 927 1224 983 1270 1 0 1528 396 1859 1 561 1403 700 1508 1 784 1522 959 1726
Norway_009933.jpg,4 2008 1890 2146 2041 1 1569 1206 1607 1261
Norway_009934.jpg,
Norway_009935.jpg,
Norway_009936.jpg,
Norway_009937.jpg,
Norway_009938.jpg,
Norway_009939.jpg,
Norway_009940.jpg,
Norway_009941.jpg,1 1146 1187 1194 1236 1 0 1481 605 1989 1 1420 1611 1481 1708 1 596 1241 1106 1574 1 1646 1317 1880 1596
Norway_009942.jpg,1 1304 1438 1428 1482 1 1637 1596 1844 1872 1 1717 1884 1785 2037
Norway_009943.jpg,
Norway_009944.jpg,
Norway_009945.jpg,
Norway_009946.jpg,1 823 1229 959 1378 1 626 1246 932 1559
Norway_009947.jpg,1 1584 1523 1947 2034
Norway_009948.jpg,
Norway_009949.jpg,
Norway_009950.jpg,3 1535 1440 1707 1642 1 1547 1444 1710 1642 1 994 1386 1093 1492 1 1497 1179 1596 1354
Norway_009951.jpg,1 1085 1076 1143 1116
Norway_009952.jpg,
Norway_009953.jpg,1 3124 495 3432 751 1 449 1239 821 1462 1 80 1297 705 1635
Norway_009954.jpg,
Norway_009955.jpg,
Norway_009956.jpg,
Norway_009957.jpg,
Norway_009958.jpg,1 196 1516 342 1629 1 1317 1150 1360 1185 1 1539 1316 1602 1434 2 16 1794 1118 1882 1 0 1563 220 1715
Norway_009959.jpg,
Norway_009960.jpg,1 931 1520 1007 1591 2 829 1458 1659 1544 1 1063 1265 1312 1481
Norway_009961.jpg,1 1120 1182 1327 1340 1 1003 1194 1328 1435 1 1815 1487 2183 2036
Norway_009962.jpg,
Norway_009963.jpg,1 1368 1228 1456 1300 1 1538 1127 1587 1208 1 1159 1171 1256 1218 1 1496 1518 1588 1762 1 772 1473 1115 1900
Norway_009964.jpg,
Norway_009965.jpg,3 1511 1268 1601 1324
Norway_009966.jpg,2 695 1734 1369 1803 1 1249 1418 1382 1750 1 1364 1799 1452 2022
Norway_009967.jpg,
Norway_009968.jpg,
Norway_009969.jpg,
Norway_009970.jpg,
Norway_009971.jpg,
Norway_009972.jpg,1 506 1539 743 1686
Norway_009973.jpg,1 1874 1847 2008 2029
Norway_009974.jpg,
Norway_009975.jpg,
Norway_009976.jpg,1 1164 1145 1206 1255
Norway_009977.jpg,
Norway_009978.jpg,
Norway_009979.jpg,
Norway_009980.jpg,1 1219 1145 1253 1178 1 1457 1412 1490 1448 1 1482 1518 1558 1572 1 1459 1414 1510 1461 1 1422 1196 1457 1248
Norway_009981.jpg,1 1349 1184 1728 1763
Norway_009982.jpg,
Norway_009983.jpg,
Norway_009984.jpg,1 0 1433 665 1899
Norway_009985.jpg,
Norway_009986.jpg,
Norway_009987.jpg,2 817 1759 1262 1821 1 1211 1181 1232 1217
Norway_009988.jpg,
Norway_009989.jpg,
Norway_009990.jpg,
Norway_009991.jpg,
Norway_009992.jpg,
Norway_009993.jpg,
Norway_009994.jpg,2 40 1381 925 1714 1 1554 1329 1887 1558 1 1114 1508 1482 2005 1 1345 1294 1411 1366
Norway_009995.jpg,
Norway_009996.jpg,
Norway_009997.jpg,
Norway_009998.jpg,
Norway_009999.jpg,
Norway_010000.jpg,
Norway_010001.jpg,
Norway_010002.jpg,
Norway_010003.jpg,1 1919 1520 2140 1735
Norway_010004.jpg,1 691 1574 1032 2034 1 162 1586 595 1931 1 530 1450 771 1591
Norway_010005.jpg,
Norway_010006.jpg,
Norway_010007.jpg,1 439 1259 1123 1711 1 287 1263 898 1510 1 1108 1305 1276 1550
Norway_010008.jpg,
Norway_010009.jpg,
Norway_010010.jpg,
Norway_010011.jpg,
Norway_010012.jpg,1 2405 1890 2520 2031
Norway_010013.jpg,1 2339 1813 2554 2024 1 1467 1323 1526 1473 1 1229 1220 1291 1300 1 1132 1439 1443 2001
Norway_010014.jpg,
Norway_010015.jpg,
Norway_010016.jpg,
Norway_010017.jpg,
Norway_010018.jpg,
Norway_010019.jpg,1 1320 1154 1648 1663 1 1493 1418 1841 2035
Norway_010020.jpg,
Norway_010021.jpg,
Norway_010022.jpg,
Norway_010023.jpg,
Norway_010024.jpg,
Norway_010025.jpg,
Norway_010026.jpg,
Norway_010027.jpg,
Norway_010028.jpg,2 532 1156 1151 1356 2 483 1287 1431 1368 1 472 1740 601 1851 1 612 1115 990 1334
Norway_010029.jpg,
Norway_010030.jpg,
Norway_010031.jpg,4 383 1565 469 1660 1 381 1568 474 1655 1 1875 1765 2136 2026 1 432 1850 486 1920 1 546 1363 743 1517
Norway_010032.jpg,1 1274 1314 1333 1382
Norway_010033.jpg,
Norway_010034.jpg,
Norway_010035.jpg,1 692 1220 1207 1686
Norway_010036.jpg,
Norway_010037.jpg,1 1432 1938 1480 2036 1 1425 1706 1475 1807 1 945 1266 1154 1417
Norway_010038.jpg,
Norway_010039.jpg,1 886 1302 947 1353 1 1783 1681 2047 2006 1 1316 1290 1342 1333 1 1277 1381 1343 1593 1 1373 1357 1508 1578
Norway_010040.jpg,1 1777 1613 2246 2036
Norway_010041.jpg,
Norway_010042.jpg,
Norway_010043.jpg,1 602 1307 895 1463 1 824 1235 1054 1353
Norway_010044.jpg,4 1385 1505 1449 1538
Norway_010045.jpg,1 1353 1343 1439 1418 1 1537 1141 1612 1213 1 336 1367 1029 1659 2 535 1292 1315 1539 1 1380 1545 1404 1590
Norway_010046.jpg,
Norway_010047.jpg,
Norway_010048.jpg,
Norway_010049.jpg,
Norway_010050.jpg,
Norway_010051.jpg,1 0 1477 248 1620 1 1594 1377 1904 1963 1 1527 1210 1834 1794
Norway_010052.jpg,
Norway_010053.jpg,1 1217 1188 1330 1391
Norway_010054.jpg,
Norway_010055.jpg,1 1419 1189 1446 1231 1 1468 1142 1532 1292
Norway_010056.jpg,
Norway_010057.jpg,
Norway_010058.jpg,1 1480 1190 1513 1231 1 1570 1272 1760 1616
Norway_010059.jpg,3 1511 1460 1862 1986 1 312 1461 504 1586 1 1269 1210 1323 1275 1 1129 1230 1223 1348 1 1477 1186 1551 1291
Norway_010060.jpg,
Norway_010061.jpg,2 335 1493 899 1550 2 1221 1549 1734 1670 1 771 1576 946 1772 4 756 1871 865 1948 4 566 1860 735 2029
Norway_010062.jpg,2 245 1593 596 1691 1 1416 1026 1466 1091 1 629 1654 878 1887 1 1636 1253 1683 1313 2 1325 1839 2235 1912
Norway_010063.jpg,
Norway_010064.jpg,
Norway_010065.jpg,
Norway_010066.jpg,
Norway_010067.jpg,
Norway_010068.jpg,
Norway_010069.jpg,
Norway_010070.jpg,1 1045 1223 1107 1291 1 918 1416 1209 2026
Norway_010071.jpg,
Norway_010072.jpg,1 1481 1561 1511 1607 1 1218 1222 1263 1271 1 436 1571 786 1825 1 1507 1184 1567 1282 1 1544 1349 1631 1616
Norway_010073.jpg,1 1089 1108 1223 1172 1 794 1146 1151 1291 1 2 1497 354 1677
Norway_010074.jpg,
Norway_010075.jpg,
Norway_010076.jpg,
Norway_010077.jpg,
Norway_010078.jpg,
Norway_010079.jpg,
Norway_010080.jpg,
Norway_010081.jpg,
Norway_010082.jpg,1 572 1430 889 1646 1 563 1720 723 1859
Norway_010083.jpg,
Norway_010084.jpg,
Norway_010085.jpg,
Norway_010086.jpg,
Norway_010087.jpg,1 1479 1408 1850 2026
Norway_010088.jpg,1 1583 1202 1620 1260 1 1556 1122 1619 1258
Norway_010089.jpg,
Norway_010090.jpg,2 801 1233 1546 1333 1 535 1250 995 1449 3 0 1492 478 1740 1 387 1378 726 1559 1 0 1506 446 1741
Norway_010091.jpg,
Norway_010092.jpg,
Norway_010093.jpg,
Norway_010094.jpg,
Norway_010095.jpg,
Norway_010096.jpg,1 1702 1577 2034 2020
Norway_010097.jpg,
Norway_010098.jpg,
Norway_010099.jpg,
Norway_010100.jpg,
Norway_010101.jpg,2 283 1889 686 1932
Norway_010102.jpg,4 1326 1498 1431 1625
Norway_010103.jpg,1 1714 1475 1892 1742 1 630 1307 868 1426 1 1729 1518 1998 1839 3 887 1182 1063 1287 1 1598 1467 1675 1634
Norway_010104.jpg,
Norway_010105.jpg,
Norway_010106.jpg,1 1042 1210 1127 1346
Norway_010107.jpg,
Norway_010108.jpg,
Norway_010109.jpg,
Norway_010110.jpg,
Norway_010111.jpg,
Norway_010112.jpg,1 939 1154 1116 1243 1 724 1168 1062 1325 1 627 1233 923 1373 1 848 1161 1110 1275 1 396 1346 649 1482
Norway_010113.jpg,
Norway_010114.jpg,1 522 1326 616 1406
Norway_010115.jpg,1 1503 1076 1527 1113 1 837 1276 892 1301 1 634 1313 804 1396 1 1791 1674 1966 2019 1 1641 1380 1779 1645
Norway_010116.jpg,
Norway_010117.jpg,1 2908 691 3001 915 4 3457 1720 3504 1757
Norway_010118.jpg,1 2316 1858 2388 1943 1 330 1828 356 1886 1 0 1306 312 1447 1 590 1694 695 2026 1 2435 1665 2629 2022
Norway_010119.jpg,
Norway_010120.jpg,
Norway_010121.jpg,1 1300 1190 1397 1285 1 472 1237 1062 1559
Norway_010122.jpg,
Norway_010123.jpg,1 1431 1222 1499 1381 1 1252 1276 1275 1314 2 1253 1532 1408 1618 3 1342 1533 1743 2004
Norway_010124.jpg,1 1031 1109 1080 1166 2 457 1356 854 1419 1 1053 1137 1078 1177 2 755 1377 1578 1427 1 1284 1161 1355 1235
Norway_010125.jpg,1 948 1299 1219 1550 1 666 1538 996 1810
Norway_010126.jpg,
Norway_010127.jpg,
Norway_010128.jpg,1 1552 1325 1618 1459 1 1727 1746 1864 1994 1 740 1206 913 1278 1 1396 1147 1494 1427 1 1580 1477 1667 1599
Norway_010129.jpg,
Norway_010130.jpg,1 1249 1101 1323 1202 1 360 1158 757 1351 1 1517 1439 1577 1544 1 1421 1318 1472 1404
Norway_010131.jpg,
Norway_010132.jpg,
Norway_010133.jpg,
Norway_010134.jpg,
Norway_010135.jpg,
Norway_010136.jpg,2 626 1449 1614 1540 1 1504 1539 1733 1655 1 4 1478 327 1682 1 299 1514 629 2024 1 379 1472 550 1600
Norway_010137.jpg,1 1458 1158 1482 1200 2 2809 1783 3134 1865 2 1755 1591 1922 1635 1 876 1255 1006 1339
Norway_010138.jpg,1 241 1414 516 1545
Norway_010139.jpg,1 1576 1074 1642 1117 1 1016 1187 1295 1437 1 1233 1119 1318 1151 1 1537 1266 1732 1439 1 1629 1167 1681 1304
Norway_010140.jpg,
Norway_010141.jpg,
Norway_010142.jpg,
Norway_010143.jpg,
Norway_010144.jpg,1 1486 1328 1627 1561 3 1450 1224 1618 1558 1 1033 1227 1170 1304 3 1437 1170 1575 1347 3 14 1530 383 1722
Norway_010145.jpg,
Norway_010146.jpg,
Norway_010147.jpg,1 588 1279 826 1404
Norway_010148.jpg,2 627 1578 984 1735
Norway_010149.jpg,
Norway_010150.jpg,
Norway_010151.jpg,
Norway_010152.jpg,
Norway_010153.jpg,1 1655 1459 1699 1581 1 1677 1629 1828 2028
Norway_010154.jpg,
Norway_010155.jpg,2 0 1558 99 1599 1 358 1652 439 1771 1 3374 1246 3499 1361
Norway_010156.jpg,
Norway_010157.jpg,1 339 1511 433 1553 1 1157 1170 1235 1209 4 570 1864 631 1894 4 323 1736 379 1765 1 1114 1288 1213 1369
Norway_010158.jpg,1 1517 1935 1555 1983 4 1340 1276 1460 1306 1 1571 1486 1601 1570 1 1448 1797 1485 1866 1 1546 1884 1584 1974
Norway_010159.jpg,
Norway_010160.jpg,
Norway_010161.jpg,
Norway_010162.jpg,
Norway_010163.jpg,
Norway_010164.jpg,
Norway_010165.jpg,1 560 1731 623 1816 1 965 1868 1014 1973 1 1001 1665 1108 1887 1 1020 1353 1124 1660
Norway_010166.jpg,
Norway_010167.jpg,
Norway_010168.jpg,
Norway_010169.jpg,
Norway_010170.jpg,1 138 1270 433 1420
Norway_010171.jpg,2 3 1570 985 1624 1 1569 1410 1601 1444 1 661 1735 710 1777 1 1820 1904 1937 2041 1 1748 1741 1933 2044
Norway_010172.jpg,
Norway_010173.jpg,
Norway_010174.jpg,
Norway_010175.jpg,
Norway_010176.jpg,1 1409 1447 1607 2011 1 40 1888 157 2037 1 78 1694 347 1904 1 452 1531 834 1875 1 1193 1871 1378 1994
Norway_010177.jpg,1 1551 1314 1584 1348 1 0 1722 370 1986 1 1629 1723 1702 1821 1 166 1521 623 1864 1 1141 1384 1189 1464
Norway_010178.jpg,2 1362 1261 1594 1353 1 1200 1357 1280 1451 1 1352 1237 1605 1351 1 1195 1302 1357 1465
Norway_010179.jpg,1 1570 1124 1597 1188
Norway_010180.jpg,
Norway_010181.jpg,
Norway_010182.jpg,3 135 1169 722 1399 3 598 1061 977 1205 3 267 1105 902 1352
Norway_010183.jpg,1 443 1447 630 1620 1 0 1459 355 1660
Norway_010184.jpg,
Norway_010185.jpg,
Norway_010186.jpg,1 1938 1925 1997 2037
Norway_010187.jpg,
Norway_010188.jpg,
Norway_010189.jpg,
Norway_010190.jpg,
Norway_010191.jpg,1 145 1351 395 1483
Norway_010192.jpg,1 1464 1101 1500 1144 1 1175 1114 1269 1163 1 1275 1128 1357 1203 1 1585 1348 1684 1485
Norway_010193.jpg,
Norway_010194.jpg,2 1009 1672 1320 1721 1 1309 1729 1429 2016 1 1265 1433 1314 1739 1 424 1362 569 1426 2 1299 1632 1786 1752
Norway_010195.jpg,
Norway_010196.jpg,2 330 1449 1207 1515 2 971 1448 1856 1514
Norway_010197.jpg,
Norway_010198.jpg,
Norway_010199.jpg,
Norway_010200.jpg,