2 0.227808 0.619618 0.0665753 0.0552838 0.261271
2 0.447123 0.935176 0.010411 0.0406067 0.296214
2 0.394931 0.828767 0.0167123 0.074364 0.297978
3 0.322877 0.580969 0.0287671 0.0533268 0.337153
2 0.474658 0.942759 0.0386301 0.107632 0.348334
2 0.485479 0.746331 0.04 0.0807241 0.348478
2 0.0889041 0.728963 0.0906849 0.0792564 0.354374
2 0.114795 0.70817 0.0690411 0.0523483 0.388587
2 0.476027 0.863748 0.0090411 0.0445205 0.42501
2 0.404795 0.671233 0.00630137 0.0146771 0.452338
2 0.483836 0.949853 0.0191781 0.0963796 0.45927
2 0.392192 0.886742 0.0276712 0.204012 0.514245
2 0.431644 0.975538 0.010137 0.0469667 0.539899
2 0.452466 0.78547 0.0134247 0.0435421 0.663173
2 0.562329 0.908757 0.069863 0.127691 0.734242
