2 0.197777 0.799118 0.0238814 0.0411563 0.264564
3 0.430277 0.820676 0.0765852 0.311612 0.324586
2 0.249382 0.66536 0.0271754 0.0293974 0.330803
2 0.535548 0.956394 0.0225089 0.0656541 0.368544
2 0.533763 0.785889 0.0266264 0.0636943 0.383305
2 0.440159 0.83807 0.0513313 0.299363 0.384614
2 0.467335 0.621754 0.0145484 0.0715336 0.387333
2 0.456629 0.72244 0.0244304 0.1073 0.404848
2 0.246775 0.757227 0.0499588 0.0612445 0.437059
2 0.502882 0.706271 0.0285479 0.0867222 0.44125
2 0.288361 0.866487 0.0776832 0.230769 0.568408
2 0.188032 0.826556 0.0439198 0.0970113 0.569284
2 0.177052 0.703822 0.0444688 0.0396864 0.628203
2 0.582075 0.901764 0.0447433 0.135718 0.638239
2 0.366868 0.712886 0.0271754 0.0960314 0.702567
