2 0.371397 0.593582 0.0148229 0.0426262 0.27007
2 0.406945 0.603136 0.0178424 0.0480157 0.284602
2 0.367417 0.601176 0.0266264 0.055855 0.292849
0 0.280264 0.851543 0.169091 0.0323371 0.30815
2 0.296596 0.658991 0.0321164 0.0411563 0.308477
2 0.185699 0.703822 0.0150974 0.0259677 0.330807
2 0.36028 0.624694 0.0277244 0.0587947 0.387254
2 0.135191 0.920382 0.0990942 0.148457 0.392897
2 0.413533 0.647232 0.0139995 0.0195982 0.417322
2 0.241834 0.750612 0.0839967 0.139147 0.420961
2 0.0311556 0.82827 0.0606643 0.077903 0.488948
2 0.244853 0.642822 0.0741147 0.0627144 0.516672
2 0.38924 0.957619 0.013176 0.0818226 0.629367
2 0.304282 0.608035 0.0299204 0.0323371 0.642716
2 0.343124 0.715091 0.0417239 0.160216 0.644459
2 0.39171 0.771681 0.0225089 0.077413 0.732793
2 0.165111 0.738119 0.0562723 0.0524253 0.780624
2 0.254872 0.961783 0.0447433 0.0725135 0.785031
