2 0.248904 0.973826 0.0172603 0.0435421 0.274976
2 0.407534 0.574853 0.0161644 0.0342466 0.278987
2 0.31137 0.668542 0.0265753 0.0357143 0.301916
2 0.274932 0.630137 0.0539726 0.0430528 0.302448
2 0.378082 0.623043 0.0180822 0.0308219 0.306639
2 0.257808 0.792319 0.0219178 0.0366928 0.307491
2 0.372192 0.591243 0.0106849 0.0161448 0.311557
2 0.448904 0.619618 0.00794521 0.0210372 0.377981
2 0.330137 0.70181 0.069589 0.128669 0.514953
2 0.454521 0.661448 0.0115068 0.037182 0.515759
2 0.260274 0.738014 0.106849 0.141389 0.612684
2 0.409863 0.705479 0.0219178 0.159491 0.713217
2 0.272877 0.906556 0.0657534 0.177104 0.741189
2 0.0619178 0.841732 0.123836 0.138454 0.76202
