2 0.278479 0.592112 0.0277244 0.0249878 0.404606
2 0.271754 0.596031 0.0142739 0.0200882 0.408762
2 0.369338 0.984321 0.0167444 0.0254777 0.411033
2 0.145347 0.77903 0.0260774 0.0274375 0.428643
2 0.497255 0.872856 0.0645073 0.22783 0.448541
2 0.18364 0.72391 0.103761 0.139637 0.512656
2 0.343536 0.576923 0.0167444 0.0426262 0.548291
2 0.314164 0.572513 0.0118035 0.0240078 0.57596
2 0.393906 0.83268 0.0395279 0.325821 0.738495
2 0.0516058 0.888535 0.103212 0.193533 0.765996
2 0.146857 0.709211 0.0554488 0.0710436 0.813291
