2 0.272877 0.689824 0.0126027 0.0176125 0.27668
0 0.363151 0.929305 0.0610959 0.0161448 0.29144
2 0.258356 0.566292 0.010411 0.0220157 0.29789
0 0.102877 0.747554 0.11589 0.0342466 0.324957
2 0.194795 0.632583 0.0153425 0.0176125 0.337482
2 0.0949315 0.702299 0.06 0.0503914 0.362316
0 0.41589 0.811399 0.13863 0.0298434 0.422082
2 0.337671 0.902642 0.0293151 0.192759 0.465504
2 0.151096 0.669276 0.0665753 0.0567515 0.548082
2 0.293973 0.625 0.0142466 0.0200587 0.67901
2 0.0849315 0.865704 0.158904 0.21184 0.719685
2 0.229178 0.727006 0.0446575 0.0528376 0.731887
