2 0.415616 0.661937 0.0158904 0.0234834 0.267518
2 0.0583562 0.757339 0.116712 0.0949119 0.276458
2 0.398767 0.775196 0.0112329 0.0308219 0.277519
2 0.276986 0.581703 0.0263014 0.0244618 0.282208
2 0.421507 0.811399 0.0572603 0.113992 0.330082
2 0.19137 0.65362 0.0665753 0.055773 0.354983
2 0.446986 0.855431 0.0145205 0.066047 0.365506
3 0.389041 0.574609 0.0175342 0.0376712 0.370344
2 0.0332877 0.769814 0.0665753 0.0689824 0.388655
2 0.109726 0.710127 0.0808219 0.0680039 0.38966
2 0.410822 0.795988 0.0342466 0.0675147 0.39625
2 0.405205 0.852006 0.0153425 0.0298434 0.400516
2 0.414658 0.62818 0.0227397 0.0577299 0.406239
2 0.423288 0.691781 0.0268493 0.0733855 0.45285
2 0.439726 0.772016 0.0115068 0.037182 0.614471
2 0.409315 0.729452 0.0109589 0.0283757 0.646589
2 0.429315 0.930284 0.020274 0.135519 0.648127
