2 0.483836 0.731898 0.0641096 0.123288 0.290028
2 0.293151 0.658268 0.0241096 0.0366928 0.294495
2 0.295616 0.59589 0.0416438 0.0303327 0.294533
2 0.32411 0.578523 0.00821918 0.0141879 0.316223
2 0.461781 0.684198 0.0468493 0.143346 0.33537
2 0.252466 0.625245 0.0183562 0.0234834 0.366782
2 0.135616 0.712329 0.0449315 0.0450098 0.369738
2 0.261781 0.619618 0.0386301 0.0327789 0.432765
2 0.328356 0.596624 0.0117808 0.0190802 0.442425
2 0.406301 0.681751 0.0109589 0.0337573 0.524544
2 0.0779452 0.772016 0.15589 0.152642 0.558577
2 0.399315 0.599315 0.0112329 0.0293542 0.561838
2 0.419726 0.649217 0.0158904 0.0479452 0.656869
2 0.440548 0.787916 0.0136986 0.0611546 0.687623
2 0.423151 0.732877 0.0167123 0.0831703 0.756524
2 0.342877 0.950587 0.0331507 0.0958904 0.778211
2 0.445753 0.901174 0.0356164 0.188845 0.811995
