2 0.416141 0.906663 0.0384299 0.178834 0.254155
2 0.495471 0.801813 0.177326 0.354238 0.295095
2 0.149739 0.868937 0.14521 0.252327 0.320595
2 0.413258 0.614895 0.0244304 0.0401764 0.359374
2 0.275597 0.66977 0.0175679 0.0352768 0.462831
2 0.37277 0.941695 0.012627 0.0401764 0.517442
2 0.219736 0.591867 0.0365084 0.0489956 0.568501
2 0.206972 0.67026 0.0417239 0.0627144 0.593032
3 0.295086 0.578638 0.0384299 0.0940715 0.612586
2 0.432199 0.690103 0.0518803 0.0965213 0.635148
2 0.254323 0.595541 0.0365084 0.0641842 0.648577
2 0.402827 0.813082 0.0645073 0.363057 0.76183
