2 0.530411 0.905822 0.0789041 0.176614 0.265498
2 0.36411 0.6409 0.00767123 0.0205479 0.324982
2 0.272329 0.613748 0.0175342 0.0386497 0.393794
2 0.420137 0.891634 0.0216438 0.214775 0.409451
2 0.341233 0.663894 0.0183562 0.0410959 0.486699
2 0.395479 0.718933 0.0391781 0.118885 0.515992
2 0.277945 0.56091 0.0161644 0.0396282 0.524023
2 0.359452 0.725049 0.0142466 0.109589 0.570474
2 0.413014 0.718689 0.0287671 0.106654 0.575647
2 0.383151 0.821429 0.0178082 0.0968689 0.691002
2 0.217534 0.651174 0.0312329 0.0489237 0.74531
