2 0.391781 0.556262 0.00821918 0.0234834 0.252601
2 0.26137 0.704256 0.0180822 0.0249511 0.256547
2 0.393973 0.82363 0.0208219 0.323386 0.266342
2 0.395479 0.539628 0.0156164 0.0528376 0.271502
2 0.226164 0.779843 0.0287671 0.0273973 0.281253
3 0.486301 0.954256 0.030137 0.0817025 0.283466
0 0.546849 0.969912 0.100274 0.0376712 0.288834
0 0.308219 0.970646 0.155068 0.0342466 0.292622
2 0.409041 0.524706 0.0060274 0.0200587 0.295081
2 0.439589 0.741438 0.0243836 0.0631115 0.303468
2 0.393562 0.91683 0.02 0.137965 0.323041
2 0.313699 0.658023 0.0153425 0.037182 0.377337
2 0.278767 0.679305 0.0473973 0.0689824 0.390047
2 0.396712 0.616683 0.0219178 0.0895303 0.529041
2 0.422055 0.59271 0.0238356 0.066047 0.551442
2 0.108219 0.705969 0.150685 0.121331 0.56484
2 0.255753 0.731654 0.0210959 0.0318004 0.566583
2 0.31863 0.649462 0.0263014 0.0533268 0.566694
2 0.138356 0.931507 0.0652055 0.0998043 0.647179
2 0.438356 0.672456 0.0263014 0.0777887 0.710003
