2 0.0361644 0.814335 0.0723288 0.118885 0.254747
2 0.364658 0.58684 0.0164384 0.0543053 0.267826
2 0.313699 0.57999 0.0224658 0.0415851 0.269426
2 0.311918 0.597113 0.0134247 0.0210372 0.281748
2 0.293699 0.615949 0.0405479 0.0753425 0.334882
1 0.379726 0.727495 0.0350685 0.0264188 0.366609
2 0.369178 0.600049 0.0194521 0.045499 0.414239
2 0.0858904 0.707192 0.070411 0.0552838 0.422933
2 0.356986 0.638454 0.0208219 0.0273973 0.425533
2 0.114521 0.859344 0.196712 0.260763 0.541049
2 0.325205 0.615949 0.0230137 0.0410959 0.636307
