2 0.397886 0.583292 0.0178424 0.0161685 0.31426
2 0.244716 0.635473 0.0809772 0.0676139 0.330222
2 0.292616 0.713866 0.0164699 0.0195982 0.480386
2 0.418337 0.597746 0.0142739 0.0176384 0.497583
2 0.21356 0.72048 0.146582 0.129838 0.615499
2 0.391985 0.636453 0.0186659 0.055855 0.616602
2 0.259127 0.89172 0.0691738 0.212641 0.711539
2 0.355202 0.641352 0.0367829 0.0734934 0.717155
2 0.437551 0.833905 0.0378809 0.319451 0.734499
2 0.348751 0.745713 0.0381554 0.127389 0.741535
2 0.147406 0.705047 0.0510568 0.0480157 0.743386
