2 0.239089 0.636208 0.0290969 0.0347869 0.266842
2 0.394592 0.678099 0.00686248 0.0156786 0.304919
0 0.0785067 0.809652 0.150425 0.0426262 0.325945
2 0.369613 0.924057 0.0441943 0.126409 0.406447
2 0.388279 0.955414 0.0167444 0.0685938 0.551286
2 0.212462 0.895149 0.0790557 0.169525 0.566539
2 0.358221 0.905438 0.0192149 0.0813327 0.580066
2 0.360143 0.713866 0.00988197 0.0411563 0.633217
2 0.184738 0.778295 0.155915 0.21901 0.649524
2 0.290694 0.681774 0.0422729 0.0788829 0.735757
2 0.0450178 0.907153 0.0900357 0.170995 0.743447
3 0.411611 0.77511 0.0458413 0.0881921 0.771706
