2 0.425474 0.643802 0.0170189 0.0754532 0.261009
2 0.43714 0.568839 0.00686248 0.0205781 0.266422
2 0.363437 0.567859 0.012627 0.0195982 0.27486
3 0.414356 0.508329 0.0172934 0.0357668 0.275836
2 0.181581 0.683978 0.0562723 0.0519353 0.276125
2 0.306066 0.691328 0.0334889 0.0411563 0.293304
2 0.0896239 0.77854 0.155092 0.11661 0.334237
2 0.0400769 0.904704 0.0801537 0.125919 0.339807
2 0.246226 0.789319 0.121878 0.169525 0.362588
2 0.353555 0.655316 0.0208619 0.0259677 0.368012
2 0.46459 0.66585 0.0249794 0.0597746 0.37045
2 0.29193 0.616854 0.0546253 0.0509554 0.391844
2 0.362201 0.7244 0.00905847 0.0269476 0.424842
2 0.228932 0.682019 0.0598408 0.0656541 0.440903
2 0.224128 0.820431 0.0820752 0.123959 0.453706
2 0.502196 0.907888 0.0557233 0.176384 0.577108
2 0.258578 0.958599 0.0203129 0.0759432 0.587386
2 0.183914 0.762371 0.0653308 0.0960314 0.600056
