2 0.45863 0.643102 0.0136986 0.0376712 0.274715
2 0.471781 0.639677 0.0224658 0.0464775 0.285143
2 0.603836 0.811888 0.0641096 0.0934442 0.329449
2 0.494384 0.748043 0.0123288 0.0322896 0.363642
2 0.540685 0.963552 0.0227397 0.0689824 0.409438
2 0.521507 0.818982 0.0364384 0.10274 0.525185
2 0.533562 0.916096 0.0419178 0.165851 0.529607
2 0.51411 0.707926 0.0446575 0.092955 0.538438
2 0.634932 0.974315 0.0194521 0.0415851 0.563094
2 0.43 0.602495 0.0194521 0.0552838 0.740951
2 0.460548 0.702299 0.0328767 0.0621331 0.747467
