2 0.365342 0.66683 0.0167123 0.0195695 0.272323
2 0.42863 0.615215 0.00684932 0.0249511 0.363056
2 0.427808 0.606654 0.00958904 0.0420744 0.384374
2 0.374247 0.64726 0.0131507 0.0420744 0.486637
2 0.324932 0.831213 0.0126027 0.0293542 0.501597
2 0.446438 0.657045 0.0167123 0.0362035 0.51814
2 0.389452 0.698141 0.0380822 0.0772994 0.546749
2 0.45863 0.75954 0.0290411 0.140411 0.599434
2 0.404384 0.634051 0.00547945 0.0264188 0.625058
2 0.498356 0.917808 0.0306849 0.16047 0.681753
2 0.306438 0.759051 0.0424658 0.160959 0.690125
2 0.333973 0.670744 0.00876712 0.0391389 0.728082
