0 0.466511 0.708721 0.0167444 0.022048 0.295158
2 0.347104 0.673934 0.0118035 0.0142087 0.303776
2 0.240873 0.826556 0.153445 0.33415 0.36027
2 0.388965 0.566144 0.0192149 0.0504655 0.360788
2 0.42314 0.631798 0.0194894 0.100441 0.365201
2 0.466786 0.708966 0.0156464 0.0205781 0.374806
2 0.351084 0.652621 0.0186659 0.0264576 0.393207
2 0.280675 0.598971 0.0727422 0.066144 0.479295
2 0.212051 0.893435 0.106231 0.213131 0.480954
2 0.421356 0.598726 0.0175679 0.0734934 0.517009
2 0.226599 0.642577 0.180895 0.157276 0.528957
2 0.186385 0.676139 0.0988197 0.0901519 0.552621
2 0.0635465 0.794464 0.127093 0.180794 0.589316
2 0.0934669 0.739588 0.0617623 0.0592847 0.61405
2 0.35081 0.706026 0.0148229 0.0499755 0.705614
