2 0.423003 0.765556 0.0395279 0.0965213 0.252816
0 0.0837222 0.926507 0.141093 0.0725135 0.258441
2 0.305929 0.66291 0.0194894 0.0264576 0.277506
2 0.339006 0.814307 0.102114 0.321411 0.278721
2 0.134642 0.739833 0.0721933 0.0499755 0.297364
2 0.321301 0.584517 0.0211364 0.0254777 0.30703
2 0.425336 0.708476 0.0376064 0.201862 0.310108
2 0.399259 0.676874 0.0118035 0.0269476 0.381715
2 0.157974 0.741058 0.0387044 0.0387065 0.401684
2 0.064919 0.842969 0.113368 0.150416 0.402908
2 0.374554 0.603381 0.0227834 0.0494855 0.419284
2 0.291381 0.692553 0.0513313 0.0867222 0.419756
2 0.405023 0.839049 0.0139995 0.066144 0.43889
2 0.296459 0.909848 0.0318419 0.169525 0.443271
0 0.555861 0.937041 0.0883887 0.0406663 0.444639
2 0.430689 0.668055 0.0263519 0.136698 0.462705
0 0.155915 0.791524 0.0927807 0.0485056 0.471586
2 0.489844 0.88682 0.0743892 0.212641 0.513236
2 0.344771 0.60828 0.0175679 0.0308672 0.516075
2 0.373319 0.623469 0.0230579 0.0632043 0.516635
2 0.404749 0.617099 0.0178424 0.0798628 0.545134
