2 0.282192 0.651174 0.0558904 0.0919765 0.254959
2 0.239863 0.626468 0.0468493 0.0396282 0.277035
2 0.370274 0.617417 0.0172603 0.0332681 0.29052
2 0.197397 0.674902 0.0386301 0.0337573 0.337018
2 0.448904 0.873777 0.00684932 0.0205479 0.353287
2 0.119315 0.719667 0.090137 0.0831703 0.353665
3 0.402466 0.59638 0.0432877 0.0665362 0.439494
2 0.35411 0.638454 0.0463014 0.0675147 0.466526
2 0.0558904 0.767857 0.109589 0.0934442 0.477842
2 0.292329 0.636742 0.0350685 0.0631115 0.534521
2 0.347534 0.577789 0.0265753 0.0450098 0.536336
2 0.168767 0.821429 0.0432877 0.0547945 0.550302
2 0.363014 0.671233 0.00767123 0.0234834 0.580947
2 0.0930137 0.844912 0.127945 0.137965 0.643393
2 0.0508219 0.95817 0.0457534 0.0699609 0.675526
2 0.228356 0.68273 0.0282192 0.0484344 0.675684
2 0.195342 0.755626 0.0641096 0.0738748 0.689769
2 0.307534 0.759296 0.0452055 0.14775 0.802414
2 0.240274 0.92319 0.0389041 0.14775 0.807893
