2 0.440411 0.627691 0.0183562 0.0254403 0.26794
2 0.502055 0.715753 0.00849315 0.018591 0.28497
2 0.344521 0.97456 0.0128767 0.0479452 0.321498
0 0.278493 0.944961 0.136164 0.0298434 0.325602
2 0.382055 0.569472 0.0463014 0.0499022 0.33568
2 0.516027 0.877935 0.0413699 0.244129 0.358482
2 0.433562 0.662427 0.0167123 0.0939335 0.383964
2 0.503836 0.786204 0.0126027 0.0499022 0.425561
2 0.469178 0.685176 0.00794521 0.0366928 0.428905
2 0.529315 0.959149 0.0241096 0.0797456 0.438773
2 0.443973 0.584393 0.0216438 0.0709393 0.440864
0 0.383699 0.827544 0.136712 0.0278865 0.447874
2 0.272192 0.652397 0.105479 0.115949 0.529046
2 0.459041 0.838063 0.0227397 0.183953 0.534364
2 0.216849 0.795744 0.115342 0.161937 0.653167
2 0.480274 0.658023 0.0263014 0.0704501 0.74335
