2 0.313288 0.612524 0.00794521 0.0127202 0.25436
2 0.335616 0.937622 0.019726 0.026908 0.256183
2 0.27 0.718689 0.0123288 0.0176125 0.285839
2 0.375205 0.752446 0.0123288 0.0547945 0.299974
2 0.40726 0.675147 0.0183562 0.0322896 0.301082
2 0.282466 0.59002 0.0361644 0.0401174 0.303468
2 0.278356 0.687867 0.00712329 0.0166341 0.312122
2 0.252466 0.75954 0.0227397 0.0278865 0.312505
2 0.144521 0.703767 0.0956164 0.0758317 0.363645
2 0.394658 0.624755 0.0117808 0.0381605 0.418923
2 0.298767 0.679305 0.0090411 0.0132094 0.462218
2 0.230274 0.636986 0.030411 0.0313112 0.482848
2 0.246712 0.763699 0.0139726 0.0205479 0.490187
2 0.103014 0.728229 0.170959 0.119863 0.604903
3 0.411096 0.818982 0.0835616 0.238748 0.682925
2 0.166575 0.977495 0.0235616 0.0401174 0.700209
2 0.223699 0.777887 0.0331507 0.0684932 0.711183
2 0.372877 0.973337 0.0175342 0.0513699 0.713796
2 0.225616 0.825832 0.0271233 0.0596869 0.738869
