2 0.299204 0.72489 0.0527038 0.0592847 0.253371
2 0.0509196 0.919647 0.101839 0.140127 0.255266
0 0.418337 0.645272 0.0735657 0.0587947 0.277844
2 0.38073 0.834885 0.0170189 0.0842724 0.300352
2 0.500412 0.952719 0.0279989 0.0916218 0.301597
2 0.518529 0.730034 0.0142739 0.0480157 0.326429
2 0.158249 0.841254 0.159484 0.171485 0.374481
2 0.0893494 0.94978 0.0299204 0.0984811 0.381797
2 0.578918 0.799118 0.0345869 0.0744733 0.423209
0 0.0531156 0.910093 0.106231 0.119059 0.425577
2 0.392122 0.790299 0.0419984 0.0391965 0.469908
2 0.447022 0.770701 0.0738402 0.129348 0.503667
2 0.390612 0.920872 0.0845457 0.158256 0.512225
2 0.16868 0.915728 0.11776 0.168545 0.51283
3 0.468021 0.557815 0.0230579 0.0681039 0.553982
2 0.46006 0.675159 0.0159209 0.044096 0.606643
2 0.488471 0.630328 0.0123525 0.0573248 0.611179
