2 0.273676 0.633023 0.0724677 0.0705537 0.262458
2 0.363711 0.664135 0.013725 0.0347869 0.270841
2 0.132171 0.763351 0.0809772 0.0960314 0.305783
2 0.246226 0.659236 0.121329 0.10926 0.312912
2 0.456492 0.586722 0.0153719 0.0877021 0.346436
2 0.463629 0.676629 0.0225089 0.066634 0.35896
2 0.559292 0.789074 0.0628603 0.11318 0.452628
2 0.478452 0.77707 0.0477628 0.148947 0.452777
2 0.499039 0.859628 0.0675268 0.267026 0.463271
2 0.321301 0.67026 0.0562723 0.077413 0.469659
2 0.577409 0.896374 0.0743892 0.191573 0.491017
2 0.423278 0.60926 0.0142739 0.0543851 0.590791
2 0.426983 0.779275 0.0150974 0.137678 0.599227
