2 0.429315 0.651419 0.0109589 0.0161448 0.261957
2 0.441644 0.624266 0.00657534 0.0166341 0.311576
2 0.401918 0.709638 0.00931507 0.0562622 0.328328
2 0.407534 0.686155 0.0210959 0.0924658 0.34199
2 0.421781 0.617906 0.00958904 0.0342466 0.347345
2 0.382877 0.721624 0.00630137 0.0195695 0.348308
2 0.416712 0.677104 0.0175342 0.0733855 0.35653
2 0.0391781 0.968689 0.0158904 0.0264188 0.366332
2 0.32726 0.685665 0.0320548 0.0533268 0.391731
2 0.335616 0.770548 0.00767123 0.0283757 0.509997
2 0.309315 0.84589 0.0235616 0.114481 0.513714
2 0.223425 0.728718 0.0315068 0.047456 0.587098
2 0.17137 0.789873 0.0265753 0.0464775 0.67638
2 0.310411 0.762476 0.0268493 0.0709393 0.688125
2 0.229726 0.902642 0.0413699 0.0998043 0.690261
2 0.184658 0.974804 0.0328767 0.045499 0.726549
2 0.0887671 0.859344 0.17589 0.229452 0.792079
