2 0.397063 0.573493 0.0172934 0.0181284 0.254348
2 0.419572 0.573248 0.0107055 0.0215581 0.278184
2 0.341889 0.964723 0.0139995 0.066634 0.279161
2 0.350261 0.566879 0.01098 0.0156786 0.285047
2 0.317321 0.602646 0.0307439 0.0313572 0.287245
2 0.311145 0.608035 0.0167444 0.0254777 0.298831
2 0.377162 0.639882 0.0192149 0.0264576 0.312506
2 0.379907 0.625429 0.0225089 0.0524253 0.348734
2 0.0199012 0.910828 0.0398024 0.0764331 0.363536
2 0.36824 0.570554 0.0161954 0.0298873 0.366409
2 0.564095 0.928956 0.0581938 0.135228 0.406158
2 0.216717 0.852033 0.0699973 0.119549 0.429477
2 0.42465 0.603626 0.00603898 0.0156786 0.470718
2 0.411337 0.633513 0.0161954 0.0676139 0.484721
2 0.0354104 0.83072 0.0702718 0.067124 0.487796
2 0.418062 0.701617 0.012078 0.0607545 0.591583
2 0.362888 0.895394 0.0422729 0.206271 0.657611
2 0.281636 0.732239 0.0483118 0.0602646 0.670532
2 0.371534 0.689368 0.0293714 0.0754532 0.683579
2 0.410239 0.77952 0.0189404 0.0636943 0.684406
2 0.460335 0.796668 0.0477628 0.33513 0.69758
2 0.434806 0.961538 0.0247049 0.0739833 0.733533
