2 0.0411749 0.767761 0.0807027 0.0725135 0.416815
2 0.392534 0.66585 0.0164699 0.0989711 0.424411
2 0.349026 0.564919 0.0161954 0.055855 0.429052
2 0.377848 0.822146 0.0277244 0.33807 0.437226
2 0.454845 0.769966 0.0236069 0.066144 0.441933
2 0.314713 0.674669 0.0903102 0.157766 0.473218
2 0.575624 0.933121 0.0351359 0.128858 0.483804
2 0.419846 0.814797 0.0376064 0.368447 0.543769
2 0.148504 0.696962 0.110898 0.11122 0.547019
2 0.172111 0.77413 0.0889377 0.132288 0.59754
2 0.467609 0.749388 0.0667033 0.160216 0.627991
2 0.140406 0.83072 0.0277244 0.0318471 0.644543
2 0.23552 0.654336 0.0828987 0.0857423 0.666744
2 0.292067 0.798873 0.140544 0.402254 0.728147
