2 0.132329 0.76272 0.0816438 0.090998 0.251287
2 0.246301 0.684442 0.0153425 0.0293542 0.25805
2 0.0838356 0.81409 0.161644 0.163405 0.269125
2 0.0505479 0.850538 0.0994521 0.122798 0.283532
2 0.246438 0.581703 0.0167123 0.0293542 0.29028
0 0.274795 0.676614 0.0372603 0.0283757 0.2949
2 0.20137 0.606898 0.0147945 0.0210372 0.34061
2 0.257945 0.66683 0.0391781 0.0626223 0.341595
2 0.241507 0.652397 0.0090411 0.0210372 0.358535
2 0.347945 0.579501 0.0147945 0.0171233 0.371888
2 0.182603 0.661448 0.0150685 0.0234834 0.529206
2 0.183836 0.652642 0.0191781 0.0293542 0.654396
2 0.0930137 0.712329 0.126301 0.112524 0.65758
2 0.190959 0.692515 0.0410959 0.0758317 0.684039
2 0.11589 0.909736 0.108493 0.170744 0.854311
