2 0.334203 0.626409 0.00796047 0.0200882 0.261801
2 0.373319 0.606565 0.010431 0.0352768 0.269568
2 0.386357 0.687898 0.0354104 0.0862322 0.27821
2 0.182679 0.658256 0.0310184 0.0367467 0.280694
2 0.24403 0.695247 0.0472138 0.0607545 0.286353
2 0.353692 0.639147 0.00631348 0.0161685 0.288375
2 0.223579 0.741303 0.0656053 0.0930916 0.291573
2 0.237304 0.715826 0.0562723 0.0852523 0.292749
2 0.1098 0.717295 0.0483118 0.0548751 0.295689
2 0.423689 0.793484 0.0491353 0.127878 0.300379
3 0.384024 0.691573 0.0400769 0.0955414 0.304127
2 0.396239 0.664625 0.0150974 0.0347869 0.349396
2 0.0476256 0.977952 0.0118035 0.0352768 0.375436
2 0.464452 0.700882 0.0290969 0.0632043 0.407829
2 0.570135 0.902989 0.0411749 0.0852523 0.416445
2 0.36275 0.752572 0.0359594 0.0499755 0.426519
2 0.428493 0.969623 0.011529 0.055855 0.455942
2 0.377299 0.910093 0.0271754 0.178834 0.497089
2 0.058331 0.761391 0.115564 0.0979912 0.508908
2 0.120231 0.760412 0.0450178 0.0636943 0.563337
2 0.321713 0.790544 0.011529 0.0455659 0.585397
2 0.284244 0.612935 0.0348614 0.0342969 0.588866
2 0.152072 0.82925 0.0186659 0.0534052 0.616923
2 0.284244 0.771926 0.0573703 0.140617 0.704243
2 0.148504 0.907398 0.0631348 0.117589 0.717549
2 0.211227 0.909603 0.0732912 0.177854 0.775386
