2 0.426712 0.68591 0.010137 0.018591 0.264445
2 0.397397 0.582436 0.010137 0.0327789 0.288373
2 0.559315 0.8591 0.0665753 0.12818 0.290379
2 0.429863 0.690313 0.0136986 0.0244618 0.30609
2 0.441781 0.839286 0.0134247 0.028865 0.337619
2 0.0924658 0.936644 0.0539726 0.0591977 0.437559
2 0.425342 0.61864 0.00630137 0.0151663 0.454934
2 0.396712 0.598092 0.0109589 0.0259295 0.509274
2 0.0179452 0.811155 0.0358904 0.0655577 0.564338
2 0.297945 0.6091 0.0386301 0.035225 0.630482
2 0.159452 0.703278 0.182466 0.127691 0.646798
2 0.393288 0.671722 0.0145205 0.0508806 0.66911
