2 0.441394 0.799363 0.0828987 0.381676 0.251965
0 0.259264 0.758207 0.142465 0.0720235 0.262639
2 0.436865 0.950759 0.0244304 0.0926017 0.268217
2 0.0907219 0.759432 0.0249794 0.0293974 0.27072
0 0.374417 0.729789 0.0735657 0.0524253 0.276201
2 0.137936 0.756982 0.0145484 0.0176384 0.293011
3 0.43014 0.677119 0.0570958 0.131308 0.323994
2 0.342575 0.689123 0.0269009 0.0583048 0.329396
2 0.523195 0.971828 0.0307439 0.0494855 0.339811
3 0.446061 0.771191 0.0977217 0.322391 0.350994
3 0.379083 0.55561 0.0389789 0.0372366 0.383243
2 0.202306 0.672464 0.0911337 0.0720235 0.435151
2 0.0592918 0.813082 0.116388 0.128858 0.44126
2 0.411474 0.575453 0.00713697 0.0200882 0.504058
2 0.482707 0.921852 0.0233324 0.134738 0.542858
