2 0.51345 0.789809 0.0441943 0.126409 0.254085
2 0.192287 0.750612 0.0518803 0.0323371 0.268929
2 0.561076 0.799118 0.0269009 0.0617344 0.291152
2 0.300439 0.801323 0.0518803 0.136698 0.291847
0 0.193796 0.750612 0.0543508 0.0303773 0.303143
2 0.496569 0.800588 0.0192149 0.141107 0.345989
2 0.362201 0.641597 0.0683503 0.0867222 0.351665
2 0.28891 0.855953 0.0656053 0.231259 0.370472
2 0.492451 0.776825 0.013725 0.0906418 0.453181
2 0.339006 0.597991 0.15866 0.102401 0.466112
2 0.18913 0.701862 0.0422729 0.0259677 0.494519
2 0.459237 0.61563 0.0175679 0.055365 0.56827
