2 0.129289 0.803283 0.253088 0.21901 0.252803
2 0.292753 0.643312 0.0518803 0.033317 0.260738
2 0.208482 0.686673 0.0348614 0.033807 0.269855
2 0.381279 0.61318 0.0450178 0.0377266 0.285249
2 0.433022 0.576433 0.0216854 0.0367467 0.286692
2 0.437551 0.573248 0.00878397 0.0254777 0.340488
2 0.445786 0.77217 0.013725 0.0646742 0.439014
2 0.355339 0.662665 0.0178424 0.0367467 0.445042
2 0.0548998 0.850318 0.0757617 0.0720235 0.458209
2 0.37922 0.633758 0.0645073 0.0700637 0.477573
2 0.384161 0.680549 0.0260774 0.0460559 0.50959
2 0.384024 0.716316 0.0395279 0.0734934 0.554903
2 0.461982 0.870407 0.0340379 0.257227 0.643554
2 0.370436 0.83268 0.0189404 0.137678 0.658071
2 0.429454 0.66242 0.0167444 0.0450759 0.699428
