2 0.304384 0.75 0.029589 0.0733855 0.273187
2 0.310685 0.68909 0.0241096 0.0719178 0.348464
0 0.20726 0.793297 0.0616438 0.0366928 0.348841
0 0.336301 0.717221 0.0265753 0.0166341 0.401216
2 0.0260274 0.778376 0.0515069 0.055773 0.411193
2 0.44863 0.599804 0.0112329 0.0215264 0.412712
2 0.359726 0.620352 0.0334247 0.0401174 0.471825
1 0.302192 0.756115 0.0323288 0.0611546 0.500289
2 0.334658 0.597847 0.0156164 0.0362035 0.538005
2 0.307808 0.6568 0.0232877 0.0435421 0.587791
2 0.488082 0.686644 0.0610959 0.130626 0.611389
2 0.355753 0.648728 0.039726 0.0547945 0.631669
2 0.518356 0.808219 0.0252055 0.0772994 0.672356
2 0.256164 0.867661 0.0876712 0.151174 0.71553
