2 0.393288 0.580969 0.00630137 0.0171233 0.283877
0 0.46 0.837329 0.0624658 0.0151663 0.298442
0 0.453699 0.800147 0.0536986 0.0161448 0.315609
2 0.383425 0.599804 0.00849315 0.0283757 0.358219
0 0.249041 0.759296 0.0553425 0.0303327 0.365377
2 0.491507 0.835372 0.0367123 0.14726 0.537787
2 0.189178 0.954256 0.0380822 0.0807241 0.638121
0 0.473973 0.892123 0.0531507 0.0259295 0.642939
2 0.278767 0.691047 0.0254795 0.0680039 0.725487
2 0.209589 0.721135 0.0273973 0.0401174 0.730706
3 0.409726 0.824364 0.132329 0.202544 0.826491
