2 0.359452 0.606898 0.0268493 0.0259295 0.250306
2 0.114658 0.914139 0.0210959 0.0366928 0.261
0 0.44589 0.95181 0.0649315 0.0562622 0.289236
2 0.410548 0.59956 0.0249315 0.0562622 0.325047
2 0.353014 0.609834 0.0161644 0.0220157 0.327102
2 0.45 0.602984 0.0161644 0.0631115 0.379156
2 0.444932 0.950587 0.0646575 0.0528376 0.387639
2 0.398767 0.716487 0.0271233 0.115949 0.388231
2 0.106575 0.90998 0.0224658 0.0401174 0.48604
2 0.395479 0.854207 0.0249315 0.176125 0.486537
2 0.307397 0.643102 0.0520548 0.0523483 0.514254
2 0.0916438 0.959393 0.0375342 0.0626223 0.526943
2 0.0571233 0.981164 0.0309589 0.0318004 0.559079
2 0.242466 0.779354 0.0219178 0.0381605 0.622568
2 0.124932 0.699119 0.0591781 0.0430528 0.649633
2 0.255068 0.716243 0.0580822 0.0792564 0.669068
2 0.441233 0.705969 0.0227397 0.0861057 0.695301
2 0.167123 0.847358 0.107397 0.168297 0.721583
