2 0.0689041 0.983855 0.0210959 0.0264188 0.290347
2 0.396438 0.646037 0.0060274 0.0151663 0.309751
2 0.444384 0.943982 0.0208219 0.101272 0.335331
2 0.40726 0.607387 0.0183562 0.0552838 0.348614
2 0.424795 0.911693 0.0616438 0.159002 0.362866
2 0.241644 0.721624 0.0882192 0.119374 0.391314
2 0.286575 0.660225 0.04 0.0533268 0.433808
2 0.171096 0.845401 0.0868493 0.131115 0.461074
2 0.410822 0.61546 0.0123288 0.0391389 0.461603
2 0.451233 0.84271 0.0115068 0.0259295 0.462206
2 0.39726 0.863992 0.0164384 0.055773 0.485503
2 0.402192 0.591487 0.0147945 0.0254403 0.522383
2 0.420274 0.652887 0.00767123 0.0278865 0.530162
2 0.404795 0.689335 0.0156164 0.0880626 0.548746
2 0.324521 0.609589 0.0243836 0.0332681 0.585999
2 0.43274 0.766879 0.0232877 0.0865949 0.732666
2 0.369726 0.790851 0.0172603 0.155088 0.742275
