2 0.423562 0.950587 0.0158904 0.0479452 0.276379
2 0.433973 0.754403 0.00657534 0.0273973 0.398615
2 0.412877 0.986546 0.00767123 0.0239726 0.425673
2 0.427808 0.94545 0.0112329 0.047456 0.499526
2 0.402192 0.898483 0.0109589 0.0308219 0.520127
2 0.416027 0.869618 0.00958904 0.0396282 0.589328
2 0.320548 0.717221 0.0290411 0.0391389 0.591772
2 0.420411 0.781556 0.0090411 0.0366928 0.688426
2 0.276438 0.757583 0.0257534 0.0406067 0.698998
2 0.239726 0.957192 0.029589 0.0562622 0.755966
2 0.47274 0.930528 0.0216438 0.136008 0.807416
