2 0.370411 0.67001 0.00821918 0.0366928 0.261144
2 0.410548 0.821429 0.0178082 0.104697 0.287924
2 0.194932 0.639432 0.0654794 0.0499022 0.322115
2 0.0652055 0.747309 0.130411 0.0944227 0.33768
2 0.42274 0.672456 0.0126027 0.0229941 0.357039
2 0.361507 0.845401 0.0210959 0.28865 0.385836
2 0.405068 0.776908 0.0265753 0.181018 0.390126
2 0.206575 0.630626 0.0454795 0.035225 0.406638
2 0.431781 0.661204 0.0312329 0.0503914 0.515069
2 0.0158904 0.83684 0.0312329 0.06409 0.535147
2 0.293151 0.811155 0.107945 0.373777 0.542884
2 0.102877 0.721869 0.0873973 0.0738748 0.575864
2 0.419589 0.955479 0.0265753 0.0861057 0.584878
2 0.240411 0.673434 0.0419178 0.0523483 0.693651
2 0.329863 0.622309 0.0586301 0.0939335 0.707624
2 0.263973 0.617172 0.050137 0.0494129 0.732978
2 0.477671 0.736057 0.0123288 0.0533268 0.759675
2 0.497945 0.851517 0.0841096 0.185421 0.873141
