2 0.199286 0.875061 0.135603 0.242038 0.26629
2 0.44263 0.811857 0.0145484 0.0205781 0.286944
2 0.235246 0.741303 0.0175679 0.0303773 0.333895
2 0.294812 0.760657 0.0461158 0.077903 0.336149
2 0.259264 0.630818 0.0694483 0.067124 0.442235
2 0.312654 0.737629 0.013725 0.0318471 0.445724
2 0.286028 0.771191 0.0290969 0.0529152 0.482695
2 0.460609 0.930671 0.0274499 0.134738 0.491602
2 0.188718 0.808672 0.0271754 0.0475257 0.566584
2 0.173895 0.911073 0.0881142 0.172954 0.592303
2 0.43412 0.66193 0.0172934 0.0754532 0.730296
2 0.501373 0.901764 0.0568213 0.186673 0.788607
