2 0.165935 0.971338 0.0277244 0.0543851 0.268399
2 0.36975 0.646497 0.0164699 0.0641842 0.343214
0 0.358084 0.736404 0.0518803 0.0293974 0.40133
2 0.17417 0.77217 0.2056 0.21754 0.440925
2 0.155229 0.709946 0.0842712 0.0715336 0.446767
2 0.0927807 0.978442 0.0241559 0.0372366 0.455298
2 0.350673 0.669525 0.0513313 0.10926 0.460308
2 0.358221 0.590152 0.0192149 0.033807 0.494963
2 0.422042 0.679324 0.0277244 0.055365 0.504586
2 0.400906 0.60583 0.00905847 0.0269476 0.510446
2 0.323497 0.601666 0.0293714 0.0323371 0.551818
2 0.365907 0.769721 0.0422729 0.0499755 0.553562
2 0.345183 0.882166 0.103486 0.22783 0.562728
2 0.420121 0.637923 0.0211364 0.0480157 0.585604
2 0.47104 0.878736 0.0170189 0.242528 0.586587
2 0.442081 0.77658 0.0172934 0.066634 0.62132
2 0.261049 0.796178 0.0389789 0.102891 0.645262
2 0.464452 0.716805 0.0318419 0.0832925 0.712859
2 0.196404 0.914013 0.0881142 0.164135 0.71489
2 0.0333516 0.911318 0.0667033 0.136208 0.723872
