2 0.273151 0.583904 0.0728767 0.0611546 0.250182
2 0.411233 0.563601 0.00657534 0.0156556 0.271932
2 0.354384 0.902642 0.0134247 0.0410959 0.292687
3 0.398767 0.685421 0.0435616 0.0792564 0.320463
2 0.36 0.616928 0.0131507 0.0313112 0.348884
2 0.492329 0.828523 0.019726 0.161937 0.367303
2 0.390685 0.780822 0.0219178 0.0802348 0.406255
0 0.456164 0.732143 0.0843836 0.0278865 0.435647
0 0.314247 0.923679 0.159452 0.124266 0.568428
2 0.313699 0.974315 0.0142466 0.047456 0.605803
2 0.219315 0.718689 0.112055 0.134051 0.751955
