2 0.505627 0.661196 0.0570958 0.101421 0.269524
2 0.56437 0.818471 0.0691738 0.142577 0.274432
2 0.253363 0.646742 0.0455668 0.0470358 0.27811
2 0.37675 0.925772 0.0315674 0.145517 0.278921
2 0.487648 0.981382 0.0129015 0.033317 0.293259
3 0.445237 0.529397 0.0301949 0.0436061 0.293895
3 0.440983 0.781235 0.203953 0.433611 0.298247
2 0.444688 0.579373 0.0170189 0.0455659 0.309209
2 0.3423 0.569329 0.0587428 0.0519353 0.33227
2 0.0356849 0.792504 0.0713698 0.0602646 0.407238
2 0.193796 0.933366 0.0664288 0.122489 0.432806
2 0.515784 0.945125 0.0269009 0.10681 0.436617
2 0.166758 0.776825 0.110074 0.1122 0.461989
2 0.37826 0.72734 0.0208619 0.0818226 0.486482
2 0.258853 0.819206 0.12078 0.148947 0.497976
2 0.0805655 0.849094 0.161131 0.157766 0.588786
2 0.203541 0.682999 0.0743892 0.0695737 0.591305
2 0.258853 0.702107 0.0598408 0.0842724 0.678529
2 0.362613 0.6683 0.0269009 0.0450759 0.72028
2 0.111584 0.919402 0.0623113 0.0828025 0.755957
