2 0.124485 0.94292 0.0623113 0.10632 0.257467
2 0.323085 0.593337 0.0153719 0.0186183 0.272969
2 0.388965 0.566144 0.00658798 0.0171485 0.286975
2 0.07535 0.887555 0.149602 0.142577 0.322338
2 0.202443 0.702842 0.113917 0.088682 0.324554
0 0.130387 0.791034 0.0422729 0.0465458 0.348934
2 0.0575075 0.820676 0.108427 0.0921117 0.387118
2 0.3563 0.668055 0.012627 0.0210681 0.412957
2 0.341751 0.649926 0.0598408 0.066144 0.444552
2 0.359731 0.636453 0.0255284 0.0460559 0.44561
2 0.288636 0.863302 0.108976 0.259677 0.510029
2 0.256382 0.72636 0.0785067 0.11514 0.571094
2 0.370848 0.689858 0.013725 0.0382166 0.635332
2 0.471452 0.88584 0.0392534 0.22342 0.77262
