1 0.433425 0.5932 0.0241096 0.0318004 0.275105
2 0.260274 0.654599 0.0268493 0.0459883 0.282235
2 0.442192 0.719912 0.0060274 0.0298434 0.314847
2 0.384247 0.755137 0.00794521 0.0249511 0.350307
2 0.317671 0.748288 0.0112329 0.0220157 0.37452
1 0.515616 0.643591 0.0219178 0.0190802 0.458441
2 0.42 0.669276 0.0147945 0.0518591 0.485049
2 0.0927397 0.717955 0.0358904 0.0318004 0.587644
1 0.154658 0.892368 0.0189041 0.0234834 0.628354
2 0.424931 0.811644 0.0460274 0.0802348 0.654095
2 0.402192 0.939335 0.0175342 0.117417 0.740428
