2 0.408904 0.63454 0.0238356 0.0313112 0.252698
2 0.280548 0.975538 0.0186301 0.0450098 0.280141
2 0.33274 0.606898 0.0161644 0.0298434 0.290013
0 0.409315 0.632339 0.0246575 0.028865 0.309493
2 0.0836986 0.739971 0.163014 0.138454 0.310042
2 0.173425 0.668542 0.0328767 0.0308219 0.311507
2 0.444658 0.739237 0.0235616 0.170254 0.317579
2 0.381096 0.582192 0.0120548 0.0234834 0.350111
2 0.222055 0.668542 0.0463014 0.047456 0.355511
2 0.193699 0.690558 0.0980822 0.0934442 0.359655
2 0.374932 0.6409 0.0210959 0.0234834 0.364145
2 0.0824658 0.801614 0.163288 0.173679 0.36575
2 0.41 0.671233 0.0117808 0.0401174 0.399273
0 0.370137 0.67955 0.0476712 0.037182 0.408751
2 0.23863 0.625978 0.0246575 0.0278865 0.448408
2 0.435753 0.886008 0.0358904 0.204501 0.488307
2 0.415753 0.588063 0.0139726 0.0587084 0.568895
2 0.390411 0.837818 0.0312329 0.316536 0.673509
2 0.297808 0.828278 0.0876712 0.320939 0.713033
2 0.485069 0.918787 0.0260274 0.157534 0.739319
