2 0.314439 0.564429 0.0727422 0.0578148 0.250297
2 0.405023 0.843704 0.0145484 0.102891 0.280535
2 0.398024 0.573493 0.0142739 0.033807 0.287685
2 0.474472 0.957619 0.0167444 0.0798628 0.288486
2 0.416827 0.763106 0.0359594 0.257227 0.289376
2 0.525528 0.937776 0.00796047 0.0235179 0.302415
2 0.392259 0.584517 0.0279989 0.0734934 0.316161
2 0.439336 0.561979 0.0107055 0.0352768 0.333952
2 0.322262 0.789319 0.107604 0.369427 0.442735
2 0.43261 0.586232 0.0241559 0.0867222 0.463446
2 0.419846 0.713131 0.0266264 0.141597 0.50275
2 0.382926 0.596521 0.0225089 0.0681039 0.545278
2 0.243069 0.620529 0.153994 0.130818 0.618994
