2 0.366182 0.633758 0.00988197 0.0955414 0.25984
2 0.375652 0.560755 0.00850947 0.0171485 0.285719
2 0.183914 0.667565 0.0697228 0.0612445 0.294065
2 0.448394 0.897354 0.0260774 0.190593 0.300668
2 0.266813 0.972562 0.013725 0.0431161 0.304656
2 0.395553 0.597011 0.00768597 0.0181284 0.327058
2 0.406259 0.626164 0.0301949 0.0793729 0.404749
2 0.359456 0.819206 0.0414494 0.344929 0.447708
2 0.441943 0.841989 0.0483118 0.302303 0.517862
2 0.0422729 0.819206 0.0845457 0.10877 0.567639
2 0.0996431 0.889515 0.0889377 0.134738 0.750951
