2 0.280446 0.612776 0.00792079 0.0304668 0.268569
2 0.37203 0.603194 0.0257426 0.0388206 0.280056
2 0.344678 0.646192 0.0155941 0.0707617 0.287038
2 0.358416 0.564619 0.0143564 0.0560197 0.297194
2 0.386262 0.847174 0.0309406 0.0609337 0.320026
2 0.265347 0.687715 0.00742574 0.0260442 0.340383
2 0.422772 0.716708 0.0212871 0.0457002 0.361573
2 0.331931 0.532678 0.00693069 0.014742 0.387084
2 0.390842 0.649386 0.0232673 0.0476658 0.39406
2 0.331064 0.577887 0.0106436 0.0628993 0.395967
2 0.338861 0.651843 0.0113861 0.0633907 0.398051
2 0.176609 0.884521 0.0868812 0.219165 0.412648
2 0.275248 0.59484 0.00990099 0.0181818 0.427208
2 0.278837 0.606143 0.0121287 0.0388206 0.452923
2 0.205693 0.814251 0.029703 0.106143 0.455355
2 0.359653 0.671007 0.0321782 0.118428 0.458881
2 0.245173 0.667076 0.015099 0.0476658 0.504362
2 0.0825495 0.684029 0.165099 0.172973 0.573098
2 0.405941 0.67887 0.05 0.1086 0.591751
2 0.359901 0.757985 0.0183168 0.0673219 0.607648
2 0.205941 0.570025 0.0663366 0.0599509 0.63559
