2 0.337085 0.969868 0.0192149 0.0573248 0.286133
2 0.517431 0.909603 0.0384299 0.127878 0.287669
0 0.40667 0.66438 0.0496843 0.0284174 0.308683
2 0.454845 0.596031 0.0334889 0.0730034 0.317247
2 0.0527038 0.824841 0.105408 0.128858 0.317928
2 0.453747 0.646987 0.0329399 0.0877021 0.390333
2 0.404612 0.905684 0.00988197 0.0406663 0.395017
0 0.153857 0.871877 0.0639583 0.0690838 0.405222
2 0.369064 0.590152 0.0409004 0.033807 0.427459
2 0.0713698 0.939 0.012627 0.0289074 0.433782
2 0.553253 0.987016 0.0156464 0.0230279 0.439459
2 0.331183 0.66193 0.0661543 0.100931 0.45323
2 0.422317 0.712641 0.0107055 0.0387065 0.497958
2 0.498902 0.851053 0.0793302 0.243998 0.519605
2 0.401318 0.625429 0.0543508 0.10828 0.52885
2 0.153719 0.871387 0.0636838 0.0710436 0.553745
2 0.432748 0.9439 0.0139995 0.0573248 0.611225
2 0.160856 0.951739 0.0543508 0.0926017 0.714651
