2 0.309086 0.832435 0.0384299 0.11465 0.255283
2 0.243892 0.706026 0.0732912 0.0470358 0.257981
2 0.51647 0.690838 0.0150974 0.0548751 0.269114
2 0.489706 0.651396 0.0247049 0.099461 0.271282
2 0.515372 0.546056 0.0282734 0.0592847 0.27351
2 0.188993 0.873591 0.0129015 0.0323371 0.283898
2 0.514686 0.711906 0.0175679 0.0715336 0.290385
2 0.316223 0.60926 0.0230579 0.0210681 0.307333
2 0.300714 0.850074 0.0233324 0.0803528 0.315595
2 0.494647 0.621509 0.013176 0.0406663 0.31795
2 0.382926 0.701127 0.0373319 0.0460559 0.353629
2 0.165111 0.769231 0.106231 0.099951 0.363984
2 0.307851 0.652376 0.0145484 0.0171485 0.364677
2 0.432885 0.891475 0.0428219 0.216071 0.399233
2 0.480511 0.584027 0.0107055 0.0274375 0.408945
2 0.485452 0.675894 0.0205874 0.066144 0.420848
0 0.155915 0.839539 0.0867417 0.033807 0.545842
