2 0.0860555 0.753797 0.0573703 0.0543851 0.264098
2 0.431787 0.710926 0.0208619 0.150906 0.292403
2 0.229344 0.754532 0.0502333 0.0989711 0.302211
2 0.31485 0.771191 0.0159209 0.033317 0.307882
2 0.200796 0.852033 0.0606643 0.131308 0.347984
2 0.560115 0.897844 0.0672523 0.152376 0.35356
2 0.464727 0.93998 0.0636838 0.11612 0.356971
2 0.300027 0.829985 0.0164699 0.0382166 0.418014
2 0.218501 0.912053 0.0719187 0.175894 0.418873
2 0.325144 0.719745 0.0326654 0.134248 0.451672
2 0.272989 0.817001 0.0112545 0.0475257 0.480489
2 0.435904 0.803773 0.0982707 0.121019 0.482402
2 0.278342 0.71901 0.0516058 0.0984811 0.502394
2 0.286989 0.885595 0.0178424 0.0534052 0.520701
2 0.465001 0.66879 0.0263519 0.0617344 0.52801
2 0.262421 0.950024 0.0214109 0.0950514 0.571748
2 0.131897 0.963498 0.0392534 0.0690838 0.600247
