2 0.557123 0.825832 0.0408219 0.0714286 0.312012
2 0.434658 0.823875 0.0457534 0.144814 0.314879
2 0.417808 0.723581 0.019726 0.0655577 0.316614
2 0.489452 0.939335 0.0282192 0.11546 0.327903
2 0.55137 0.919276 0.0506849 0.148728 0.330396
2 0.426575 0.66683 0.0136986 0.0587084 0.332698
2 0.0413699 0.894569 0.0252055 0.0347358 0.458398
2 0.440822 0.8432 0.0361644 0.0856164 0.472249
2 0.145205 0.772749 0.0345205 0.0327789 0.505023
2 0.526712 0.939335 0.0271233 0.0870842 0.517659
2 0.595342 0.937622 0.059726 0.118885 0.615896
